# phase	component	state	exact_test_key	digest
before	button	default	render::components::button::default 120 40 junie truecolor	7cad0003dd9cd1fb
before	button	default	render::components::button::default 40 10 junie truecolor	6d11dbe79a66f3fb
before	button	default	render::components::button::default 120 40 junie mono	1aafcb632b64bb09
before	button	default	render::components::button::default 40 10 junie mono	8eb20d2cb7769089
before	button	default	render::components::button::default 120 40 paper truecolor	12c06980e5dd7a45
before	button	default	render::components::button::default 40 10 paper truecolor	5085b4b28e2a59c5
before	button	default	render::components::button::default 120 40 paper mono	c72f9f98688eba59
before	button	default	render::components::button::default 40 10 paper mono	3851ec67ff1947d9
before	button	focused	render::components::button::focused 120 40 junie truecolor	eee5d0405c09ef07
before	button	focused	render::components::button::focused 40 10 junie truecolor	171abfe92bac2d07
before	button	focused	render::components::button::focused 120 40 junie mono	c371306941cd65c9
before	button	focused	render::components::button::focused 40 10 junie mono	7fddb1a683d31b49
before	button	focused	render::components::button::focused 120 40 paper truecolor	ce9b81ffdf590e94
before	button	focused	render::components::button::focused 40 10 paper truecolor	dd60886858d18614
before	button	focused	render::components::button::focused 120 40 paper mono	8d02e6d90cdb61a5
before	button	focused	render::components::button::focused 40 10 paper mono	838b2bf79a73d125
before	button	hovered	render::components::button::hovered 120 40 junie truecolor	06853fb0452f390f
before	button	hovered	render::components::button::hovered 40 10 junie truecolor	c81c379033144d0f
before	button	hovered	render::components::button::hovered 120 40 junie mono	f9e4755e0f6594d1
before	button	hovered	render::components::button::hovered 40 10 junie mono	66ae716a48b9ae51
before	button	hovered	render::components::button::hovered 120 40 paper truecolor	f3dcba27a2fa7c53
before	button	hovered	render::components::button::hovered 40 10 paper truecolor	b07311b29dee7c53
before	button	hovered	render::components::button::hovered 120 40 paper mono	c72f9f98688eba59
before	button	hovered	render::components::button::hovered 40 10 paper mono	3851ec67ff1947d9
before	button	pressed	render::components::button::pressed 120 40 junie truecolor	c04d0deb30b15747
before	button	pressed	render::components::button::pressed 40 10 junie truecolor	704402c302893547
before	button	pressed	render::components::button::pressed 120 40 junie mono	71350c86866c7f71
before	button	pressed	render::components::button::pressed 40 10 junie mono	302ae7a815fa48f1
before	button	pressed	render::components::button::pressed 120 40 paper truecolor	379b83bd50bfb040
before	button	pressed	render::components::button::pressed 40 10 paper truecolor	0410e8d16055c2c0
before	button	pressed	render::components::button::pressed 120 40 paper mono	87762b1d30c7aea5
before	button	pressed	render::components::button::pressed 40 10 paper mono	5c08bee9295f9e25
before	button	disabled	render::components::button::disabled 120 40 junie truecolor	3f782a734dc10cfd
before	button	disabled	render::components::button::disabled 40 10 junie truecolor	ba64cb383434b07d
before	button	disabled	render::components::button::disabled 120 40 junie mono	d20bb906fcfe3dd1
before	button	disabled	render::components::button::disabled 40 10 junie mono	bfe7ea91b76bd751
before	button	disabled	render::components::button::disabled 120 40 paper truecolor	1cddcbc4ef84fb35
before	button	disabled	render::components::button::disabled 40 10 paper truecolor	35d20a7143f712b5
before	button	disabled	render::components::button::disabled 120 40 paper mono	95fb19d68cb1f595
before	button	disabled	render::components::button::disabled 40 10 paper mono	6a40f7e34be99d15
before	button	selected	render::components::button::selected 120 40 junie truecolor	c3a5557f65a5ff3f
before	button	selected	render::components::button::selected 40 10 junie truecolor	2b38a4b81a3e733f
before	button	selected	render::components::button::selected 120 40 junie mono	13d0bae25b64bacc
before	button	selected	render::components::button::selected 40 10 junie mono	0f80b7f1cc3b9e4c
before	button	selected	render::components::button::selected 120 40 paper truecolor	93ffce78c25faa79
before	button	selected	render::components::button::selected 40 10 paper truecolor	6b3f15ee40b3e7f9
before	button	selected	render::components::button::selected 120 40 paper mono	4330743d0d1af0f4
before	button	selected	render::components::button::selected 40 10 paper mono	000a22404ee1f874
before	button	editing	render::components::button::editing 120 40 junie truecolor	7cad0003dd9cd1fb
before	button	editing	render::components::button::editing 40 10 junie truecolor	6d11dbe79a66f3fb
before	button	editing	render::components::button::editing 120 40 junie mono	1aafcb632b64bb09
before	button	editing	render::components::button::editing 40 10 junie mono	8eb20d2cb7769089
before	button	editing	render::components::button::editing 120 40 paper truecolor	12c06980e5dd7a45
before	button	editing	render::components::button::editing 40 10 paper truecolor	5085b4b28e2a59c5
before	button	editing	render::components::button::editing 120 40 paper mono	c72f9f98688eba59
before	button	editing	render::components::button::editing 40 10 paper mono	3851ec67ff1947d9
before	button	empty	render::components::button::empty 120 40 junie truecolor	ff907b36ea83dd9d
before	button	empty	render::components::button::empty 40 10 junie truecolor	a517b5e7c2b5b11d
before	button	empty	render::components::button::empty 120 40 junie mono	82c24983883c241d
before	button	empty	render::components::button::empty 40 10 junie mono	8e64b3bf489db79d
before	button	empty	render::components::button::empty 120 40 paper truecolor	3a2fcba7c73f6d7d
before	button	empty	render::components::button::empty 40 10 paper truecolor	ce738652ba21d0fd
before	button	empty	render::components::button::empty 120 40 paper mono	0bd6f7d18c9818d1
before	button	empty	render::components::button::empty 40 10 paper mono	a89c49c2aaa23251
before	list	default	render::components::list::default 120 40 junie truecolor	ce3be201fd5894f6
before	list	default	render::components::list::default 40 10 junie truecolor	4e5dee5a5d3d3a76
before	list	default	render::components::list::default 120 40 junie mono	164c36b18586726f
before	list	default	render::components::list::default 40 10 junie mono	deac25911bc9718f
before	list	default	render::components::list::default 120 40 paper truecolor	82e97d15fc758a0e
before	list	default	render::components::list::default 40 10 paper truecolor	85d6dbd488cef51e
before	list	default	render::components::list::default 120 40 paper mono	73efdde5cdb3a6c5
before	list	default	render::components::list::default 40 10 paper mono	447bcd08741e2165
before	list	focused	render::components::list::focused 120 40 junie truecolor	ce3be201fd5894f6
before	list	focused	render::components::list::focused 40 10 junie truecolor	4e5dee5a5d3d3a76
before	list	focused	render::components::list::focused 120 40 junie mono	164c36b18586726f
before	list	focused	render::components::list::focused 40 10 junie mono	deac25911bc9718f
before	list	focused	render::components::list::focused 120 40 paper truecolor	82e97d15fc758a0e
before	list	focused	render::components::list::focused 40 10 paper truecolor	85d6dbd488cef51e
before	list	focused	render::components::list::focused 120 40 paper mono	73efdde5cdb3a6c5
before	list	focused	render::components::list::focused 40 10 paper mono	447bcd08741e2165
before	list	hovered	render::components::list::hovered 120 40 junie truecolor	96086a8fb7489f5a
before	list	hovered	render::components::list::hovered 40 10 junie truecolor	95c30a93fad87dda
before	list	hovered	render::components::list::hovered 120 40 junie mono	164c36b18586726f
before	list	hovered	render::components::list::hovered 40 10 junie mono	deac25911bc9718f
before	list	hovered	render::components::list::hovered 120 40 paper truecolor	bfd8354e2d316762
before	list	hovered	render::components::list::hovered 40 10 paper truecolor	d2a22c49a21f3a72
before	list	hovered	render::components::list::hovered 120 40 paper mono	73efdde5cdb3a6c5
before	list	hovered	render::components::list::hovered 40 10 paper mono	447bcd08741e2165
before	list	pressed	render::components::list::pressed 120 40 junie truecolor	d0e89104e36aa2ea
before	list	pressed	render::components::list::pressed 40 10 junie truecolor	7a673016b0ed65aa
before	list	pressed	render::components::list::pressed 120 40 junie mono	cb5e7c9046398305
before	list	pressed	render::components::list::pressed 40 10 junie mono	7f93e89c2dddc765
before	list	pressed	render::components::list::pressed 120 40 paper truecolor	3e524d83e9dfe491
before	list	pressed	render::components::list::pressed 40 10 paper truecolor	d5f14e0f54f98a11
before	list	pressed	render::components::list::pressed 120 40 paper mono	f2ce0cf198981d97
before	list	pressed	render::components::list::pressed 40 10 paper mono	d3717338bef62977
before	list	disabled	render::components::list::disabled 120 40 junie truecolor	ce3be201fd5894f6
before	list	disabled	render::components::list::disabled 40 10 junie truecolor	4e5dee5a5d3d3a76
before	list	disabled	render::components::list::disabled 120 40 junie mono	164c36b18586726f
before	list	disabled	render::components::list::disabled 40 10 junie mono	deac25911bc9718f
before	list	disabled	render::components::list::disabled 120 40 paper truecolor	82e97d15fc758a0e
before	list	disabled	render::components::list::disabled 40 10 paper truecolor	85d6dbd488cef51e
before	list	disabled	render::components::list::disabled 120 40 paper mono	73efdde5cdb3a6c5
before	list	disabled	render::components::list::disabled 40 10 paper mono	447bcd08741e2165
before	list	selected	render::components::list::selected 120 40 junie truecolor	a09c6fe210fe945d
before	list	selected	render::components::list::selected 40 10 junie truecolor	2d8c90c882efad9d
before	list	selected	render::components::list::selected 120 40 junie mono	948062195792e82f
before	list	selected	render::components::list::selected 40 10 junie mono	6c049b1cb101664f
before	list	selected	render::components::list::selected 120 40 paper truecolor	494b4c33bccf8984
before	list	selected	render::components::list::selected 40 10 paper truecolor	950b530b8705f714
before	list	selected	render::components::list::selected 120 40 paper mono	69642bbd1fad5265
before	list	selected	render::components::list::selected 40 10 paper mono	b44e759285f43a85
before	list	editing	render::components::list::editing 120 40 junie truecolor	ce3be201fd5894f6
before	list	editing	render::components::list::editing 40 10 junie truecolor	4e5dee5a5d3d3a76
before	list	editing	render::components::list::editing 120 40 junie mono	164c36b18586726f
before	list	editing	render::components::list::editing 40 10 junie mono	deac25911bc9718f
before	list	editing	render::components::list::editing 120 40 paper truecolor	82e97d15fc758a0e
before	list	editing	render::components::list::editing 40 10 paper truecolor	85d6dbd488cef51e
before	list	editing	render::components::list::editing 120 40 paper mono	73efdde5cdb3a6c5
before	list	editing	render::components::list::editing 40 10 paper mono	447bcd08741e2165
before	list	empty	render::components::list::empty 120 40 junie truecolor	121b6cb8fded49a2
before	list	empty	render::components::list::empty 40 10 junie truecolor	ffa7ea144c4cbd62
before	list	empty	render::components::list::empty 120 40 junie mono	d43c8daeaf982a7a
before	list	empty	render::components::list::empty 40 10 junie mono	aeb7ad6bd94d0a1a
before	list	empty	render::components::list::empty 120 40 paper truecolor	ddbd052dff13465a
before	list	empty	render::components::list::empty 40 10 paper truecolor	065d1b5055061c8a
before	list	empty	render::components::list::empty 120 40 paper mono	7d5f3d4502b63732
before	list	empty	render::components::list::empty 40 10 paper mono	cf6ef5e9d94868d2
before	tabs	default	render::components::tabs::default 120 40 junie truecolor	345a10235d65f11f
before	tabs	default	render::components::tabs::default 40 10 junie truecolor	870f0d29c4b57860
before	tabs	default	render::components::tabs::default 120 40 junie mono	03263f48effb1240
before	tabs	default	render::components::tabs::default 40 10 junie mono	8575598b028539ba
before	tabs	default	render::components::tabs::default 120 40 paper truecolor	9aa17c11b0135f9e
before	tabs	default	render::components::tabs::default 40 10 paper truecolor	2eb100378a3b3c43
before	tabs	default	render::components::tabs::default 120 40 paper mono	ad59d0d63e9883e4
before	tabs	default	render::components::tabs::default 40 10 paper mono	a26add1c3797f552
before	tabs	focused	render::components::tabs::focused 120 40 junie truecolor	345a10235d65f11f
before	tabs	focused	render::components::tabs::focused 40 10 junie truecolor	870f0d29c4b57860
before	tabs	focused	render::components::tabs::focused 120 40 junie mono	03263f48effb1240
before	tabs	focused	render::components::tabs::focused 40 10 junie mono	8575598b028539ba
before	tabs	focused	render::components::tabs::focused 120 40 paper truecolor	9aa17c11b0135f9e
before	tabs	focused	render::components::tabs::focused 40 10 paper truecolor	2eb100378a3b3c43
before	tabs	focused	render::components::tabs::focused 120 40 paper mono	ad59d0d63e9883e4
before	tabs	focused	render::components::tabs::focused 40 10 paper mono	a26add1c3797f552
before	tabs	hovered	render::components::tabs::hovered 120 40 junie truecolor	c06630a519f23619
before	tabs	hovered	render::components::tabs::hovered 40 10 junie truecolor	057df2cc503ba26e
before	tabs	hovered	render::components::tabs::hovered 120 40 junie mono	03263f48effb1240
before	tabs	hovered	render::components::tabs::hovered 40 10 junie mono	8575598b028539ba
before	tabs	hovered	render::components::tabs::hovered 120 40 paper truecolor	e4e9b986e64b867c
before	tabs	hovered	render::components::tabs::hovered 40 10 paper truecolor	016928830f8890ed
before	tabs	hovered	render::components::tabs::hovered 120 40 paper mono	ad59d0d63e9883e4
before	tabs	hovered	render::components::tabs::hovered 40 10 paper mono	a26add1c3797f552
before	tabs	pressed	render::components::tabs::pressed 120 40 junie truecolor	e131a4e40cea3d78
before	tabs	pressed	render::components::tabs::pressed 40 10 junie truecolor	0ea97c822e97c73b
before	tabs	pressed	render::components::tabs::pressed 120 40 junie mono	8531aef99ed82a7c
before	tabs	pressed	render::components::tabs::pressed 40 10 junie mono	a1ca30a076849608
before	tabs	pressed	render::components::tabs::pressed 120 40 paper truecolor	73a1dc0171ab7809
before	tabs	pressed	render::components::tabs::pressed 40 10 paper truecolor	d394e1284aca262a
before	tabs	pressed	render::components::tabs::pressed 120 40 paper mono	57bc3c9afc387ab6
before	tabs	pressed	render::components::tabs::pressed 40 10 paper mono	35b0ee5d62f85452
before	tabs	disabled	render::components::tabs::disabled 120 40 junie truecolor	345a10235d65f11f
before	tabs	disabled	render::components::tabs::disabled 40 10 junie truecolor	870f0d29c4b57860
before	tabs	disabled	render::components::tabs::disabled 120 40 junie mono	03263f48effb1240
before	tabs	disabled	render::components::tabs::disabled 40 10 junie mono	8575598b028539ba
before	tabs	disabled	render::components::tabs::disabled 120 40 paper truecolor	9aa17c11b0135f9e
before	tabs	disabled	render::components::tabs::disabled 40 10 paper truecolor	2eb100378a3b3c43
before	tabs	disabled	render::components::tabs::disabled 120 40 paper mono	ad59d0d63e9883e4
before	tabs	disabled	render::components::tabs::disabled 40 10 paper mono	a26add1c3797f552
before	tabs	selected	render::components::tabs::selected 120 40 junie truecolor	491cb79a666a433f
before	tabs	selected	render::components::tabs::selected 40 10 junie truecolor	5ca402c6a6d5efea
before	tabs	selected	render::components::tabs::selected 120 40 junie mono	643602b7923c4efc
before	tabs	selected	render::components::tabs::selected 40 10 junie mono	204d5a3787674b8a
before	tabs	selected	render::components::tabs::selected 120 40 paper truecolor	292f7884f72e573c
before	tabs	selected	render::components::tabs::selected 40 10 paper truecolor	a53ecdcfcd7ff4e9
before	tabs	selected	render::components::tabs::selected 120 40 paper mono	5faba1dd1e4da8d8
before	tabs	selected	render::components::tabs::selected 40 10 paper mono	62b115316abc8a4a
before	tabs	editing	render::components::tabs::editing 120 40 junie truecolor	345a10235d65f11f
before	tabs	editing	render::components::tabs::editing 40 10 junie truecolor	870f0d29c4b57860
before	tabs	editing	render::components::tabs::editing 120 40 junie mono	03263f48effb1240
before	tabs	editing	render::components::tabs::editing 40 10 junie mono	8575598b028539ba
before	tabs	editing	render::components::tabs::editing 120 40 paper truecolor	9aa17c11b0135f9e
before	tabs	editing	render::components::tabs::editing 40 10 paper truecolor	2eb100378a3b3c43
before	tabs	editing	render::components::tabs::editing 120 40 paper mono	ad59d0d63e9883e4
before	tabs	editing	render::components::tabs::editing 40 10 paper mono	a26add1c3797f552
before	tabs	empty	render::components::tabs::empty 120 40 junie truecolor	8208112a42bdf2e9
before	tabs	empty	render::components::tabs::empty 40 10 junie truecolor	b9fa49d09a6c7959
before	tabs	empty	render::components::tabs::empty 120 40 junie mono	cbb71915528ecabc
before	tabs	empty	render::components::tabs::empty 40 10 junie mono	fcafc82c5683275c
before	tabs	empty	render::components::tabs::empty 120 40 paper truecolor	024b1c4be22414b5
before	tabs	empty	render::components::tabs::empty 40 10 paper truecolor	bf0ad00c19b22945
before	tabs	empty	render::components::tabs::empty 120 40 paper mono	3bcf08c3cd91438a
before	tabs	empty	render::components::tabs::empty 40 10 paper mono	7d323ed480e0156a
before	dialog	default	render::components::dialog::default 120 40 junie truecolor	3b3a35187a544472
before	dialog	default	render::components::dialog::default 40 10 junie truecolor	bca990b4d6367868
before	dialog	default	render::components::dialog::default 120 40 junie mono	b737d61b383ec6f5
before	dialog	default	render::components::dialog::default 40 10 junie mono	081728ded55d1575
before	dialog	default	render::components::dialog::default 120 40 paper truecolor	c32427125f196b4a
before	dialog	default	render::components::dialog::default 40 10 paper truecolor	37273c6e6232fa10
before	dialog	default	render::components::dialog::default 120 40 paper mono	98782672ba8211f1
before	dialog	default	render::components::dialog::default 40 10 paper mono	f9fb14d2886dbe31
before	dialog	focused	render::components::dialog::focused 120 40 junie truecolor	e065084756b33d8b
before	dialog	focused	render::components::dialog::focused 40 10 junie truecolor	2b18e06440ec4e99
before	dialog	focused	render::components::dialog::focused 120 40 junie mono	d057ba49733734b3
before	dialog	focused	render::components::dialog::focused 40 10 junie mono	4dfe262b3ac49703
before	dialog	focused	render::components::dialog::focused 120 40 paper truecolor	9d9571be04a4c0be
before	dialog	focused	render::components::dialog::focused 40 10 paper truecolor	74d7167d1083f680
before	dialog	focused	render::components::dialog::focused 120 40 paper mono	b98d7b7273a0e757
before	dialog	focused	render::components::dialog::focused 40 10 paper mono	9c16f8153d3a62b7
before	dialog	hovered	render::components::dialog::hovered 120 40 junie truecolor	f97b987bdc0dda4e
before	dialog	hovered	render::components::dialog::hovered 40 10 junie truecolor	0d4777d50be8bda4
before	dialog	hovered	render::components::dialog::hovered 120 40 junie mono	b737d61b383ec6f5
before	dialog	hovered	render::components::dialog::hovered 40 10 junie mono	081728ded55d1575
before	dialog	hovered	render::components::dialog::hovered 120 40 paper truecolor	10b4f4c8055da652
before	dialog	hovered	render::components::dialog::hovered 40 10 paper truecolor	b9b70b6482d88f30
before	dialog	hovered	render::components::dialog::hovered 120 40 paper mono	98782672ba8211f1
before	dialog	hovered	render::components::dialog::hovered 40 10 paper mono	f9fb14d2886dbe31
before	dialog	pressed	render::components::dialog::pressed 120 40 junie truecolor	26ff02710a0cb783
before	dialog	pressed	render::components::dialog::pressed 40 10 junie truecolor	77e6216bd4c20935
before	dialog	pressed	render::components::dialog::pressed 120 40 junie mono	3f5dbd922edd1637
before	dialog	pressed	render::components::dialog::pressed 40 10 junie mono	9c5b0be834361ad7
before	dialog	pressed	render::components::dialog::pressed 120 40 paper truecolor	f0f9b921aa926aa3
before	dialog	pressed	render::components::dialog::pressed 40 10 paper truecolor	9e66540776422725
before	dialog	pressed	render::components::dialog::pressed 120 40 paper mono	fc38ebbf4b4a77a5
before	dialog	pressed	render::components::dialog::pressed 40 10 paper mono	047f00cacd93a4f5
before	dialog	disabled	render::components::dialog::disabled 120 40 junie truecolor	3b3a35187a544472
before	dialog	disabled	render::components::dialog::disabled 40 10 junie truecolor	bca990b4d6367868
before	dialog	disabled	render::components::dialog::disabled 120 40 junie mono	b737d61b383ec6f5
before	dialog	disabled	render::components::dialog::disabled 40 10 junie mono	081728ded55d1575
before	dialog	disabled	render::components::dialog::disabled 120 40 paper truecolor	c32427125f196b4a
before	dialog	disabled	render::components::dialog::disabled 40 10 paper truecolor	37273c6e6232fa10
before	dialog	disabled	render::components::dialog::disabled 120 40 paper mono	98782672ba8211f1
before	dialog	disabled	render::components::dialog::disabled 40 10 paper mono	f9fb14d2886dbe31
before	dialog	selected	render::components::dialog::selected 120 40 junie truecolor	3b3a35187a544472
before	dialog	selected	render::components::dialog::selected 40 10 junie truecolor	bca990b4d6367868
before	dialog	selected	render::components::dialog::selected 120 40 junie mono	b737d61b383ec6f5
before	dialog	selected	render::components::dialog::selected 40 10 junie mono	081728ded55d1575
before	dialog	selected	render::components::dialog::selected 120 40 paper truecolor	c32427125f196b4a
before	dialog	selected	render::components::dialog::selected 40 10 paper truecolor	37273c6e6232fa10
before	dialog	selected	render::components::dialog::selected 120 40 paper mono	98782672ba8211f1
before	dialog	selected	render::components::dialog::selected 40 10 paper mono	f9fb14d2886dbe31
before	dialog	editing	render::components::dialog::editing 120 40 junie truecolor	3b3a35187a544472
before	dialog	editing	render::components::dialog::editing 40 10 junie truecolor	bca990b4d6367868
before	dialog	editing	render::components::dialog::editing 120 40 junie mono	b737d61b383ec6f5
before	dialog	editing	render::components::dialog::editing 40 10 junie mono	081728ded55d1575
before	dialog	editing	render::components::dialog::editing 120 40 paper truecolor	c32427125f196b4a
before	dialog	editing	render::components::dialog::editing 40 10 paper truecolor	37273c6e6232fa10
before	dialog	editing	render::components::dialog::editing 120 40 paper mono	98782672ba8211f1
before	dialog	editing	render::components::dialog::editing 40 10 paper mono	f9fb14d2886dbe31
before	dialog	empty	render::components::dialog::empty 120 40 junie truecolor	7aa803e0bd97b525
before	dialog	empty	render::components::dialog::empty 40 10 junie truecolor	aa1ec5b3b2ff64a5
before	dialog	empty	render::components::dialog::empty 120 40 junie mono	7aa803e0bd97b525
before	dialog	empty	render::components::dialog::empty 40 10 junie mono	aa1ec5b3b2ff64a5
before	dialog	empty	render::components::dialog::empty 120 40 paper truecolor	7aa803e0bd97b525
before	dialog	empty	render::components::dialog::empty 40 10 paper truecolor	aa1ec5b3b2ff64a5
before	dialog	empty	render::components::dialog::empty 120 40 paper mono	7aa803e0bd97b525
before	dialog	empty	render::components::dialog::empty 40 10 paper mono	aa1ec5b3b2ff64a5
before	radio_group	default	render::components::radio_group::default 120 40 junie truecolor	57c4e8ba8931346e
before	radio_group	default	render::components::radio_group::default 40 10 junie truecolor	3c36518edf6682ae
before	radio_group	default	render::components::radio_group::default 120 40 junie mono	23253cfc778734b7
before	radio_group	default	render::components::radio_group::default 40 10 junie mono	783665ea3658b177
before	radio_group	default	render::components::radio_group::default 120 40 paper truecolor	d080a80f269c3da2
before	radio_group	default	render::components::radio_group::default 40 10 paper truecolor	1ad944db4e336262
before	radio_group	default	render::components::radio_group::default 120 40 paper mono	ec7745f70f85f805
before	radio_group	default	render::components::radio_group::default 40 10 paper mono	dc874cf17df524c5
before	radio_group	focused	render::components::radio_group::focused 120 40 junie truecolor	57c4e8ba8931346e
before	radio_group	focused	render::components::radio_group::focused 40 10 junie truecolor	3c36518edf6682ae
before	radio_group	focused	render::components::radio_group::focused 120 40 junie mono	23253cfc778734b7
before	radio_group	focused	render::components::radio_group::focused 40 10 junie mono	783665ea3658b177
before	radio_group	focused	render::components::radio_group::focused 120 40 paper truecolor	d080a80f269c3da2
before	radio_group	focused	render::components::radio_group::focused 40 10 paper truecolor	1ad944db4e336262
before	radio_group	focused	render::components::radio_group::focused 120 40 paper mono	ec7745f70f85f805
before	radio_group	focused	render::components::radio_group::focused 40 10 paper mono	dc874cf17df524c5
before	radio_group	hovered	render::components::radio_group::hovered 120 40 junie truecolor	fec6ff03181c2f40
before	radio_group	hovered	render::components::radio_group::hovered 40 10 junie truecolor	aa8c6792dc7ee680
before	radio_group	hovered	render::components::radio_group::hovered 120 40 junie mono	23253cfc778734b7
before	radio_group	hovered	render::components::radio_group::hovered 40 10 junie mono	783665ea3658b177
before	radio_group	hovered	render::components::radio_group::hovered 120 40 paper truecolor	e90e83af3dd1bbc2
before	radio_group	hovered	render::components::radio_group::hovered 40 10 paper truecolor	fc7ed7d8f4f02a82
before	radio_group	hovered	render::components::radio_group::hovered 120 40 paper mono	ec7745f70f85f805
before	radio_group	hovered	render::components::radio_group::hovered 40 10 paper mono	dc874cf17df524c5
before	radio_group	pressed	render::components::radio_group::pressed 120 40 junie truecolor	7c45f61130c600e6
before	radio_group	pressed	render::components::radio_group::pressed 40 10 junie truecolor	d9de17746e8da6a6
before	radio_group	pressed	render::components::radio_group::pressed 120 40 junie mono	c1fcc82633a44665
before	radio_group	pressed	render::components::radio_group::pressed 40 10 junie mono	96df91bc5acc71e5
before	radio_group	pressed	render::components::radio_group::pressed 120 40 paper truecolor	b74072a1943741bb
before	radio_group	pressed	render::components::radio_group::pressed 40 10 paper truecolor	9d9612086a084deb
before	radio_group	pressed	render::components::radio_group::pressed 120 40 paper mono	af7f1cd31203adff
before	radio_group	pressed	render::components::radio_group::pressed 40 10 paper mono	f604b3a6b831c57f
before	radio_group	disabled	render::components::radio_group::disabled 120 40 junie truecolor	1fae8745ccbb85d6
before	radio_group	disabled	render::components::radio_group::disabled 40 10 junie truecolor	7ed4912d9a7c0756
before	radio_group	disabled	render::components::radio_group::disabled 120 40 junie mono	0b3191ebe74270d5
before	radio_group	disabled	render::components::radio_group::disabled 40 10 junie mono	ac10dc1dca9bd455
before	radio_group	disabled	render::components::radio_group::disabled 120 40 paper truecolor	85f5f2ff0f013059
before	radio_group	disabled	render::components::radio_group::disabled 40 10 paper truecolor	411c0befb9a22e99
before	radio_group	disabled	render::components::radio_group::disabled 120 40 paper mono	fb9c0ebf7b8b46e9
before	radio_group	disabled	render::components::radio_group::disabled 40 10 paper mono	37e747dbe508c429
before	radio_group	selected	render::components::radio_group::selected 120 40 junie truecolor	4cfffc6ffd36528d
before	radio_group	selected	render::components::radio_group::selected 40 10 junie truecolor	a6505c92890a94cd
before	radio_group	selected	render::components::radio_group::selected 120 40 junie mono	8d0ca4e2991bd3b3
before	radio_group	selected	render::components::radio_group::selected 40 10 junie mono	68c8a89b7d2e9d73
before	radio_group	selected	render::components::radio_group::selected 120 40 paper truecolor	cab52f27bce68f0c
before	radio_group	selected	render::components::radio_group::selected 40 10 paper truecolor	787b9fdc0632f1cc
before	radio_group	selected	render::components::radio_group::selected 120 40 paper mono	cddac78e37c431e1
before	radio_group	selected	render::components::radio_group::selected 40 10 paper mono	2a5ce6267b6fe421
before	radio_group	editing	render::components::radio_group::editing 120 40 junie truecolor	57c4e8ba8931346e
before	radio_group	editing	render::components::radio_group::editing 40 10 junie truecolor	3c36518edf6682ae
before	radio_group	editing	render::components::radio_group::editing 120 40 junie mono	23253cfc778734b7
before	radio_group	editing	render::components::radio_group::editing 40 10 junie mono	783665ea3658b177
before	radio_group	editing	render::components::radio_group::editing 120 40 paper truecolor	d080a80f269c3da2
before	radio_group	editing	render::components::radio_group::editing 40 10 paper truecolor	1ad944db4e336262
before	radio_group	editing	render::components::radio_group::editing 120 40 paper mono	ec7745f70f85f805
before	radio_group	editing	render::components::radio_group::editing 40 10 paper mono	dc874cf17df524c5
before	radio_group	empty	render::components::radio_group::empty 120 40 junie truecolor	7aa803e0bd97b525
before	radio_group	empty	render::components::radio_group::empty 40 10 junie truecolor	aa1ec5b3b2ff64a5
before	radio_group	empty	render::components::radio_group::empty 120 40 junie mono	7aa803e0bd97b525
before	radio_group	empty	render::components::radio_group::empty 40 10 junie mono	aa1ec5b3b2ff64a5
before	radio_group	empty	render::components::radio_group::empty 120 40 paper truecolor	7aa803e0bd97b525
before	radio_group	empty	render::components::radio_group::empty 40 10 paper truecolor	aa1ec5b3b2ff64a5
before	radio_group	empty	render::components::radio_group::empty 120 40 paper mono	7aa803e0bd97b525
before	radio_group	empty	render::components::radio_group::empty 40 10 paper mono	aa1ec5b3b2ff64a5
before	chip_bar	default	render::components::chip_bar::default 120 40 junie truecolor	ec65ee8e34084547
before	chip_bar	default	render::components::chip_bar::default 40 10 junie truecolor	668e2c4ce5d503d8
before	chip_bar	default	render::components::chip_bar::default 120 40 junie mono	d410e30a8fa1287b
before	chip_bar	default	render::components::chip_bar::default 40 10 junie mono	fff5116446505e3c
before	chip_bar	default	render::components::chip_bar::default 120 40 paper truecolor	5262957dbd38ff11
before	chip_bar	default	render::components::chip_bar::default 40 10 paper truecolor	0775d556d329cac0
before	chip_bar	default	render::components::chip_bar::default 120 40 paper mono	af6ee1d9868d153b
before	chip_bar	default	render::components::chip_bar::default 40 10 paper mono	1ccb93fcbda7a6d8
before	chip_bar	focused	render::components::chip_bar::focused 120 40 junie truecolor	ec65ee8e34084547
before	chip_bar	focused	render::components::chip_bar::focused 40 10 junie truecolor	668e2c4ce5d503d8
before	chip_bar	focused	render::components::chip_bar::focused 120 40 junie mono	d410e30a8fa1287b
before	chip_bar	focused	render::components::chip_bar::focused 40 10 junie mono	fff5116446505e3c
before	chip_bar	focused	render::components::chip_bar::focused 120 40 paper truecolor	5262957dbd38ff11
before	chip_bar	focused	render::components::chip_bar::focused 40 10 paper truecolor	0775d556d329cac0
before	chip_bar	focused	render::components::chip_bar::focused 120 40 paper mono	af6ee1d9868d153b
before	chip_bar	focused	render::components::chip_bar::focused 40 10 paper mono	1ccb93fcbda7a6d8
before	chip_bar	hovered	render::components::chip_bar::hovered 120 40 junie truecolor	b5abf93467d48d7b
before	chip_bar	hovered	render::components::chip_bar::hovered 40 10 junie truecolor	f9ffd9c455ac3bf4
before	chip_bar	hovered	render::components::chip_bar::hovered 120 40 junie mono	d410e30a8fa1287b
before	chip_bar	hovered	render::components::chip_bar::hovered 40 10 junie mono	fff5116446505e3c
before	chip_bar	hovered	render::components::chip_bar::hovered 120 40 paper truecolor	7c0e750395d0ba6f
before	chip_bar	hovered	render::components::chip_bar::hovered 40 10 paper truecolor	7bc243a33857e4c2
before	chip_bar	hovered	render::components::chip_bar::hovered 120 40 paper mono	af6ee1d9868d153b
before	chip_bar	hovered	render::components::chip_bar::hovered 40 10 paper mono	1ccb93fcbda7a6d8
before	chip_bar	pressed	render::components::chip_bar::pressed 120 40 junie truecolor	0511d60b0fa8b033
before	chip_bar	pressed	render::components::chip_bar::pressed 40 10 junie truecolor	ac302d959cd1b398
before	chip_bar	pressed	render::components::chip_bar::pressed 120 40 junie mono	3ec2f185b7fc82ab
before	chip_bar	pressed	render::components::chip_bar::pressed 40 10 junie mono	465c9be2eaf8153a
before	chip_bar	pressed	render::components::chip_bar::pressed 120 40 paper truecolor	b9785905ac758222
before	chip_bar	pressed	render::components::chip_bar::pressed 40 10 paper truecolor	41c95aa0cccd1a6f
before	chip_bar	pressed	render::components::chip_bar::pressed 120 40 paper mono	1f7343eff38605af
before	chip_bar	pressed	render::components::chip_bar::pressed 40 10 paper mono	b0631a37d189adf2
before	chip_bar	disabled	render::components::chip_bar::disabled 120 40 junie truecolor	10df00da77faf209
before	chip_bar	disabled	render::components::chip_bar::disabled 40 10 junie truecolor	f678035343e2efd2
before	chip_bar	disabled	render::components::chip_bar::disabled 120 40 junie mono	fe16ace9bdc28c17
before	chip_bar	disabled	render::components::chip_bar::disabled 40 10 junie mono	83ba4197f209a1b8
before	chip_bar	disabled	render::components::chip_bar::disabled 120 40 paper truecolor	f9be19ec6dc64333
before	chip_bar	disabled	render::components::chip_bar::disabled 40 10 paper truecolor	2ed132f9870e09a7
before	chip_bar	disabled	render::components::chip_bar::disabled 120 40 paper mono	37a6afcff9f15bb3
before	chip_bar	disabled	render::components::chip_bar::disabled 40 10 paper mono	829e6b23613b32d6
before	chip_bar	selected	render::components::chip_bar::selected 120 40 junie truecolor	a5ab322ccf96fbe9
before	chip_bar	selected	render::components::chip_bar::selected 40 10 junie truecolor	b7249dc8743bd97e
before	chip_bar	selected	render::components::chip_bar::selected 120 40 junie mono	d03067a49b2395be
before	chip_bar	selected	render::components::chip_bar::selected 40 10 junie mono	6926f807c9ab6fed
before	chip_bar	selected	render::components::chip_bar::selected 120 40 paper truecolor	13ea3f709a84aaea
before	chip_bar	selected	render::components::chip_bar::selected 40 10 paper truecolor	8cff4fad8972e657
before	chip_bar	selected	render::components::chip_bar::selected 120 40 paper mono	3d7d833bed6dbc3e
before	chip_bar	selected	render::components::chip_bar::selected 40 10 paper mono	fb2758eff8d71221
before	chip_bar	editing	render::components::chip_bar::editing 120 40 junie truecolor	ec65ee8e34084547
before	chip_bar	editing	render::components::chip_bar::editing 40 10 junie truecolor	668e2c4ce5d503d8
before	chip_bar	editing	render::components::chip_bar::editing 120 40 junie mono	d410e30a8fa1287b
before	chip_bar	editing	render::components::chip_bar::editing 40 10 junie mono	fff5116446505e3c
before	chip_bar	editing	render::components::chip_bar::editing 120 40 paper truecolor	5262957dbd38ff11
before	chip_bar	editing	render::components::chip_bar::editing 40 10 paper truecolor	0775d556d329cac0
before	chip_bar	editing	render::components::chip_bar::editing 120 40 paper mono	af6ee1d9868d153b
before	chip_bar	editing	render::components::chip_bar::editing 40 10 paper mono	1ccb93fcbda7a6d8
before	chip_bar	empty	render::components::chip_bar::empty 120 40 junie truecolor	07956662f63572e5
before	chip_bar	empty	render::components::chip_bar::empty 40 10 junie truecolor	990fe07362a7a1e5
before	chip_bar	empty	render::components::chip_bar::empty 120 40 junie mono	775ed00fb11c2055
before	chip_bar	empty	render::components::chip_bar::empty 40 10 junie mono	667993539041c735
before	chip_bar	empty	render::components::chip_bar::empty 120 40 paper truecolor	57840e9460f018cd
before	chip_bar	empty	render::components::chip_bar::empty 40 10 paper truecolor	bae357d34062b4fd
before	chip_bar	empty	render::components::chip_bar::empty 120 40 paper mono	a5faaa27fc09f0d5
before	chip_bar	empty	render::components::chip_bar::empty 40 10 paper mono	a90417df72cfc035
before	code_editor	default	render::components::code_editor::default 120 40 junie truecolor	8a0ebfab287b61ce
before	code_editor	default	render::components::code_editor::default 40 10 junie truecolor	a0a3a2ffbd50cbbe
before	code_editor	default	render::components::code_editor::default 120 40 junie mono	cece4c99eea46772
before	code_editor	default	render::components::code_editor::default 40 10 junie mono	368236e005645fb2
before	code_editor	default	render::components::code_editor::default 120 40 paper truecolor	6b645d24f89ac5e2
before	code_editor	default	render::components::code_editor::default 40 10 paper truecolor	221e5e3eda930862
before	code_editor	default	render::components::code_editor::default 120 40 paper mono	4a5f3e9382a1db2a
before	code_editor	default	render::components::code_editor::default 40 10 paper mono	951ae18216c6b7ea
before	code_editor	focused	render::components::code_editor::focused 120 40 junie truecolor	0b0cf35d5baa30de
before	code_editor	focused	render::components::code_editor::focused 40 10 junie truecolor	e54477aadf8081ce
before	code_editor	focused	render::components::code_editor::focused 120 40 junie mono	760af746a9592068
before	code_editor	focused	render::components::code_editor::focused 40 10 junie mono	acd4bcbc22de1f68
before	code_editor	focused	render::components::code_editor::focused 120 40 paper truecolor	92e8293d1675b133
before	code_editor	focused	render::components::code_editor::focused 40 10 paper truecolor	3d9ff0dea1ebc833
before	code_editor	focused	render::components::code_editor::focused 120 40 paper mono	6b838b1a2b87b5dc
before	code_editor	focused	render::components::code_editor::focused 40 10 paper mono	676663320c4be89c
before	code_editor	hovered	render::components::code_editor::hovered 120 40 junie truecolor	8a0ebfab287b61ce
before	code_editor	hovered	render::components::code_editor::hovered 40 10 junie truecolor	a0a3a2ffbd50cbbe
before	code_editor	hovered	render::components::code_editor::hovered 120 40 junie mono	cece4c99eea46772
before	code_editor	hovered	render::components::code_editor::hovered 40 10 junie mono	368236e005645fb2
before	code_editor	hovered	render::components::code_editor::hovered 120 40 paper truecolor	6b645d24f89ac5e2
before	code_editor	hovered	render::components::code_editor::hovered 40 10 paper truecolor	221e5e3eda930862
before	code_editor	hovered	render::components::code_editor::hovered 120 40 paper mono	4a5f3e9382a1db2a
before	code_editor	hovered	render::components::code_editor::hovered 40 10 paper mono	951ae18216c6b7ea
before	code_editor	pressed	render::components::code_editor::pressed 120 40 junie truecolor	0b0cf35d5baa30de
before	code_editor	pressed	render::components::code_editor::pressed 40 10 junie truecolor	e54477aadf8081ce
before	code_editor	pressed	render::components::code_editor::pressed 120 40 junie mono	d9c2954165ae59b8
before	code_editor	pressed	render::components::code_editor::pressed 40 10 junie mono	28b0a2f529f31198
before	code_editor	pressed	render::components::code_editor::pressed 120 40 paper truecolor	92e8293d1675b133
before	code_editor	pressed	render::components::code_editor::pressed 40 10 paper truecolor	3d9ff0dea1ebc833
before	code_editor	pressed	render::components::code_editor::pressed 120 40 paper mono	b923384ba467d8de
before	code_editor	pressed	render::components::code_editor::pressed 40 10 paper mono	1d695c65a717423e
before	code_editor	disabled	render::components::code_editor::disabled 120 40 junie truecolor	8a0ebfab287b61ce
before	code_editor	disabled	render::components::code_editor::disabled 40 10 junie truecolor	a0a3a2ffbd50cbbe
before	code_editor	disabled	render::components::code_editor::disabled 120 40 junie mono	2cc2ae4227dcdc9a
before	code_editor	disabled	render::components::code_editor::disabled 40 10 junie mono	4effe6c0029f69da
before	code_editor	disabled	render::components::code_editor::disabled 120 40 paper truecolor	6b645d24f89ac5e2
before	code_editor	disabled	render::components::code_editor::disabled 40 10 paper truecolor	221e5e3eda930862
before	code_editor	disabled	render::components::code_editor::disabled 120 40 paper mono	fac2db84f7ce6162
before	code_editor	disabled	render::components::code_editor::disabled 40 10 paper mono	247d6fd161110122
before	code_editor	selected	render::components::code_editor::selected 120 40 junie truecolor	8a0ebfab287b61ce
before	code_editor	selected	render::components::code_editor::selected 40 10 junie truecolor	a0a3a2ffbd50cbbe
before	code_editor	selected	render::components::code_editor::selected 120 40 junie mono	cece4c99eea46772
before	code_editor	selected	render::components::code_editor::selected 40 10 junie mono	368236e005645fb2
before	code_editor	selected	render::components::code_editor::selected 120 40 paper truecolor	6b645d24f89ac5e2
before	code_editor	selected	render::components::code_editor::selected 40 10 paper truecolor	221e5e3eda930862
before	code_editor	selected	render::components::code_editor::selected 120 40 paper mono	4a5f3e9382a1db2a
before	code_editor	selected	render::components::code_editor::selected 40 10 paper mono	951ae18216c6b7ea
before	code_editor	editing	render::components::code_editor::editing 120 40 junie truecolor	8a0ebfab287b61ce
before	code_editor	editing	render::components::code_editor::editing 40 10 junie truecolor	a0a3a2ffbd50cbbe
before	code_editor	editing	render::components::code_editor::editing 120 40 junie mono	8e28c1b0c0b00942
before	code_editor	editing	render::components::code_editor::editing 40 10 junie mono	fc2496e87041f682
before	code_editor	editing	render::components::code_editor::editing 120 40 paper truecolor	6b645d24f89ac5e2
before	code_editor	editing	render::components::code_editor::editing 40 10 paper truecolor	221e5e3eda930862
before	code_editor	editing	render::components::code_editor::editing 120 40 paper mono	c645709a8745f6da
before	code_editor	editing	render::components::code_editor::editing 40 10 paper mono	2ae484c8d43d039a
before	code_editor	empty	render::components::code_editor::empty 120 40 junie truecolor	777706ca9e9236bc
before	code_editor	empty	render::components::code_editor::empty 40 10 junie truecolor	d9608be94e6428ac
before	code_editor	empty	render::components::code_editor::empty 120 40 junie mono	115797b05201b814
before	code_editor	empty	render::components::code_editor::empty 40 10 junie mono	f87d3014da9de654
before	code_editor	empty	render::components::code_editor::empty 120 40 paper truecolor	34d16b434c6fc83a
before	code_editor	empty	render::components::code_editor::empty 40 10 paper truecolor	2bc9ad2775e820ba
before	code_editor	empty	render::components::code_editor::empty 120 40 paper mono	f4cf2e61ea95ba70
before	code_editor	empty	render::components::code_editor::empty 40 10 paper mono	c000cab29a61e2b0
before	tree	default	render::components::tree::default 120 40 junie truecolor	166c4078d8671dfc
before	tree	default	render::components::tree::default 40 10 junie truecolor	f152f9641779aefc
before	tree	default	render::components::tree::default 120 40 junie mono	baf575f7ba6f2151
before	tree	default	render::components::tree::default 40 10 junie mono	9f3018afbf450231
before	tree	default	render::components::tree::default 120 40 paper truecolor	3a2c6b7f8f1e5356
before	tree	default	render::components::tree::default 40 10 paper truecolor	a577044e5105f946
before	tree	default	render::components::tree::default 120 40 paper mono	b309aa954616d2e7
before	tree	default	render::components::tree::default 40 10 paper mono	10dbf2bf094ddac7
before	tree	focused	render::components::tree::focused 120 40 junie truecolor	166c4078d8671dfc
before	tree	focused	render::components::tree::focused 40 10 junie truecolor	f152f9641779aefc
before	tree	focused	render::components::tree::focused 120 40 junie mono	baf575f7ba6f2151
before	tree	focused	render::components::tree::focused 40 10 junie mono	9f3018afbf450231
before	tree	focused	render::components::tree::focused 120 40 paper truecolor	3a2c6b7f8f1e5356
before	tree	focused	render::components::tree::focused 40 10 paper truecolor	a577044e5105f946
before	tree	focused	render::components::tree::focused 120 40 paper mono	b309aa954616d2e7
before	tree	focused	render::components::tree::focused 40 10 paper mono	10dbf2bf094ddac7
before	tree	hovered	render::components::tree::hovered 120 40 junie truecolor	2c9996197318787c
before	tree	hovered	render::components::tree::hovered 40 10 junie truecolor	11c09f0fa3a145fc
before	tree	hovered	render::components::tree::hovered 120 40 junie mono	baf575f7ba6f2151
before	tree	hovered	render::components::tree::hovered 40 10 junie mono	9f3018afbf450231
before	tree	hovered	render::components::tree::hovered 120 40 paper truecolor	44193ce583b63156
before	tree	hovered	render::components::tree::hovered 40 10 paper truecolor	4e83c9c7940d69c6
before	tree	hovered	render::components::tree::hovered 120 40 paper mono	b309aa954616d2e7
before	tree	hovered	render::components::tree::hovered 40 10 paper mono	10dbf2bf094ddac7
before	tree	pressed	render::components::tree::pressed 120 40 junie truecolor	166c4078d8671dfc
before	tree	pressed	render::components::tree::pressed 40 10 junie truecolor	f152f9641779aefc
before	tree	pressed	render::components::tree::pressed 120 40 junie mono	baf575f7ba6f2151
before	tree	pressed	render::components::tree::pressed 40 10 junie mono	9f3018afbf450231
before	tree	pressed	render::components::tree::pressed 120 40 paper truecolor	3a2c6b7f8f1e5356
before	tree	pressed	render::components::tree::pressed 40 10 paper truecolor	a577044e5105f946
before	tree	pressed	render::components::tree::pressed 120 40 paper mono	b309aa954616d2e7
before	tree	pressed	render::components::tree::pressed 40 10 paper mono	10dbf2bf094ddac7
before	tree	disabled	render::components::tree::disabled 120 40 junie truecolor	0207a0bbda2f5cca
before	tree	disabled	render::components::tree::disabled 40 10 junie truecolor	4937025f8f9c210a
before	tree	disabled	render::components::tree::disabled 120 40 junie mono	bd05daea19b3fc27
before	tree	disabled	render::components::tree::disabled 40 10 junie mono	36029e0f0b6f6327
before	tree	disabled	render::components::tree::disabled 120 40 paper truecolor	5fc785752ef66ca7
before	tree	disabled	render::components::tree::disabled 40 10 paper truecolor	5dbd9a08b872cbe7
before	tree	disabled	render::components::tree::disabled 120 40 paper mono	c42b1d1f816bccbf
before	tree	disabled	render::components::tree::disabled 40 10 paper mono	937742fdc48c899f
before	tree	selected	render::components::tree::selected 120 40 junie truecolor	e8c2263c51da702b
before	tree	selected	render::components::tree::selected 40 10 junie truecolor	e86e2f3debf6dd6b
before	tree	selected	render::components::tree::selected 120 40 junie mono	8ffd5883ee29faa1
before	tree	selected	render::components::tree::selected 40 10 junie mono	beca1537ca829301
before	tree	selected	render::components::tree::selected 120 40 paper truecolor	cafb2f518f190c2e
before	tree	selected	render::components::tree::selected 40 10 paper truecolor	430e2e4177a249de
before	tree	selected	render::components::tree::selected 120 40 paper mono	733c344364f50fc7
before	tree	selected	render::components::tree::selected 40 10 paper mono	6c0add5e74824e27
before	tree	editing	render::components::tree::editing 120 40 junie truecolor	166c4078d8671dfc
before	tree	editing	render::components::tree::editing 40 10 junie truecolor	f152f9641779aefc
before	tree	editing	render::components::tree::editing 120 40 junie mono	baf575f7ba6f2151
before	tree	editing	render::components::tree::editing 40 10 junie mono	9f3018afbf450231
before	tree	editing	render::components::tree::editing 120 40 paper truecolor	3a2c6b7f8f1e5356
before	tree	editing	render::components::tree::editing 40 10 paper truecolor	a577044e5105f946
before	tree	editing	render::components::tree::editing 120 40 paper mono	b309aa954616d2e7
before	tree	editing	render::components::tree::editing 40 10 paper mono	10dbf2bf094ddac7
before	tree	empty	render::components::tree::empty 120 40 junie truecolor	121b6cb8fded49a2
before	tree	empty	render::components::tree::empty 40 10 junie truecolor	ffa7ea144c4cbd62
before	tree	empty	render::components::tree::empty 120 40 junie mono	d43c8daeaf982a7a
before	tree	empty	render::components::tree::empty 40 10 junie mono	aeb7ad6bd94d0a1a
before	tree	empty	render::components::tree::empty 120 40 paper truecolor	ddbd052dff13465a
before	tree	empty	render::components::tree::empty 40 10 paper truecolor	065d1b5055061c8a
before	tree	empty	render::components::tree::empty 120 40 paper mono	7d5f3d4502b63732
before	tree	empty	render::components::tree::empty 40 10 paper mono	cf6ef5e9d94868d2
before	nav_list	default	render::components::nav_list::default 120 40 junie truecolor	aa170fa48c7bff95
before	nav_list	default	render::components::nav_list::default 40 10 junie truecolor	c1dfdac7373c2195
before	nav_list	default	render::components::nav_list::default 120 40 junie mono	3edf5c964f3d7e70
before	nav_list	default	render::components::nav_list::default 40 10 junie mono	613c729105191690
before	nav_list	default	render::components::nav_list::default 120 40 paper truecolor	1e4bf4714984fc83
before	nav_list	default	render::components::nav_list::default 40 10 paper truecolor	2734b2396e1dd5d3
before	nav_list	default	render::components::nav_list::default 120 40 paper mono	8e51cb4ea971312e
before	nav_list	default	render::components::nav_list::default 40 10 paper mono	2f75b81b553a8ece
before	nav_list	focused	render::components::nav_list::focused 120 40 junie truecolor	aa170fa48c7bff95
before	nav_list	focused	render::components::nav_list::focused 40 10 junie truecolor	c1dfdac7373c2195
before	nav_list	focused	render::components::nav_list::focused 120 40 junie mono	3edf5c964f3d7e70
before	nav_list	focused	render::components::nav_list::focused 40 10 junie mono	613c729105191690
before	nav_list	focused	render::components::nav_list::focused 120 40 paper truecolor	1e4bf4714984fc83
before	nav_list	focused	render::components::nav_list::focused 40 10 paper truecolor	2734b2396e1dd5d3
before	nav_list	focused	render::components::nav_list::focused 120 40 paper mono	8e51cb4ea971312e
before	nav_list	focused	render::components::nav_list::focused 40 10 paper mono	2f75b81b553a8ece
before	nav_list	hovered	render::components::nav_list::hovered 120 40 junie truecolor	8d002c6b06d998a1
before	nav_list	hovered	render::components::nav_list::hovered 40 10 junie truecolor	9be3a9429545f621
before	nav_list	hovered	render::components::nav_list::hovered 120 40 junie mono	3edf5c964f3d7e70
before	nav_list	hovered	render::components::nav_list::hovered 40 10 junie mono	613c729105191690
before	nav_list	hovered	render::components::nav_list::hovered 120 40 paper truecolor	2d3671c68d9a4fd7
before	nav_list	hovered	render::components::nav_list::hovered 40 10 paper truecolor	98693e337bb6cf67
before	nav_list	hovered	render::components::nav_list::hovered 120 40 paper mono	8e51cb4ea971312e
before	nav_list	hovered	render::components::nav_list::hovered 40 10 paper mono	2f75b81b553a8ece
before	nav_list	pressed	render::components::nav_list::pressed 120 40 junie truecolor	49fcb62bf25e1aa1
before	nav_list	pressed	render::components::nav_list::pressed 40 10 junie truecolor	51b1ce9c9f6961e1
before	nav_list	pressed	render::components::nav_list::pressed 120 40 junie mono	d3726f43d9cf7856
before	nav_list	pressed	render::components::nav_list::pressed 40 10 junie mono	aabd8a0f4ff229b6
before	nav_list	pressed	render::components::nav_list::pressed 120 40 paper truecolor	3aa06624efd9ddcb
before	nav_list	pressed	render::components::nav_list::pressed 40 10 paper truecolor	80b4214a0332a62b
before	nav_list	pressed	render::components::nav_list::pressed 120 40 paper mono	42df346c389d6f62
before	nav_list	pressed	render::components::nav_list::pressed 40 10 paper mono	30e8f7b5f8165f42
before	nav_list	disabled	render::components::nav_list::disabled 120 40 junie truecolor	b1f5106baf84e44d
before	nav_list	disabled	render::components::nav_list::disabled 40 10 junie truecolor	3eff839aa388ce0d
before	nav_list	disabled	render::components::nav_list::disabled 120 40 junie mono	7546020650b6bc2a
before	nav_list	disabled	render::components::nav_list::disabled 40 10 junie mono	4dd81c7a68c66e2a
before	nav_list	disabled	render::components::nav_list::disabled 120 40 paper truecolor	01c9b0518fe30e46
before	nav_list	disabled	render::components::nav_list::disabled 40 10 paper truecolor	aaf29dfc21b09fc6
before	nav_list	disabled	render::components::nav_list::disabled 120 40 paper mono	8b9bd28ffc12287a
before	nav_list	disabled	render::components::nav_list::disabled 40 10 paper mono	01cbcd019b127a9a
before	nav_list	selected	render::components::nav_list::selected 120 40 junie truecolor	40a68fdca25da64e
before	nav_list	selected	render::components::nav_list::selected 40 10 junie truecolor	6b6b529bc2573d4e
before	nav_list	selected	render::components::nav_list::selected 120 40 junie mono	028d2f1bf8f11b18
before	nav_list	selected	render::components::nav_list::selected 40 10 junie mono	c6d6052500f71e78
before	nav_list	selected	render::components::nav_list::selected 120 40 paper truecolor	2f40c78d6ca80d3b
before	nav_list	selected	render::components::nav_list::selected 40 10 paper truecolor	2e1baa9870c6b9ab
before	nav_list	selected	render::components::nav_list::selected 120 40 paper mono	2438fde9d6fa81f6
before	nav_list	selected	render::components::nav_list::selected 40 10 paper mono	58863eacc0ca61d6
before	nav_list	editing	render::components::nav_list::editing 120 40 junie truecolor	aa170fa48c7bff95
before	nav_list	editing	render::components::nav_list::editing 40 10 junie truecolor	c1dfdac7373c2195
before	nav_list	editing	render::components::nav_list::editing 120 40 junie mono	3edf5c964f3d7e70
before	nav_list	editing	render::components::nav_list::editing 40 10 junie mono	613c729105191690
before	nav_list	editing	render::components::nav_list::editing 120 40 paper truecolor	1e4bf4714984fc83
before	nav_list	editing	render::components::nav_list::editing 40 10 paper truecolor	2734b2396e1dd5d3
before	nav_list	editing	render::components::nav_list::editing 120 40 paper mono	8e51cb4ea971312e
before	nav_list	editing	render::components::nav_list::editing 40 10 paper mono	2f75b81b553a8ece
before	nav_list	empty	render::components::nav_list::empty 120 40 junie truecolor	bb8f7bd0bfd35325
before	nav_list	empty	render::components::nav_list::empty 40 10 junie truecolor	84fd5bc55adde725
before	nav_list	empty	render::components::nav_list::empty 120 40 junie mono	73c4a5b11c3f00a5
before	nav_list	empty	render::components::nav_list::empty 40 10 junie mono	c077768fbca602c5
before	nav_list	empty	render::components::nav_list::empty 120 40 paper truecolor	f17bf6f69c6ee3e5
before	nav_list	empty	render::components::nav_list::empty 40 10 paper truecolor	11ab0ea7bba1c535
before	nav_list	empty	render::components::nav_list::empty 120 40 paper mono	160a569991b2f1a5
before	nav_list	empty	render::components::nav_list::empty 40 10 paper mono	f97dd0143a760945
before	steps	default	render::components::steps::default 120 40 junie truecolor	1d00177b06f03b80
before	steps	default	render::components::steps::default 40 10 junie truecolor	e2b7fa7e0b700520
before	steps	default	render::components::steps::default 120 40 junie mono	16c60c0e71d05628
before	steps	default	render::components::steps::default 40 10 junie mono	fbf6cac31bf12a28
before	steps	default	render::components::steps::default 120 40 paper truecolor	46db4044c112e098
before	steps	default	render::components::steps::default 40 10 paper truecolor	7f5158e1e2c235c8
before	steps	default	render::components::steps::default 120 40 paper mono	b679a4f6c77a9820
before	steps	default	render::components::steps::default 40 10 paper mono	34f9ac6f86d83cc0
before	steps	focused	render::components::steps::focused 120 40 junie truecolor	1d00177b06f03b80
before	steps	focused	render::components::steps::focused 40 10 junie truecolor	e2b7fa7e0b700520
before	steps	focused	render::components::steps::focused 120 40 junie mono	16c60c0e71d05628
before	steps	focused	render::components::steps::focused 40 10 junie mono	fbf6cac31bf12a28
before	steps	focused	render::components::steps::focused 120 40 paper truecolor	46db4044c112e098
before	steps	focused	render::components::steps::focused 40 10 paper truecolor	7f5158e1e2c235c8
before	steps	focused	render::components::steps::focused 120 40 paper mono	b679a4f6c77a9820
before	steps	focused	render::components::steps::focused 40 10 paper mono	34f9ac6f86d83cc0
before	steps	hovered	render::components::steps::hovered 120 40 junie truecolor	67b55aca61770e1a
before	steps	hovered	render::components::steps::hovered 40 10 junie truecolor	beebaf04992a2ffa
before	steps	hovered	render::components::steps::hovered 120 40 junie mono	16c60c0e71d05628
before	steps	hovered	render::components::steps::hovered 40 10 junie mono	fbf6cac31bf12a28
before	steps	hovered	render::components::steps::hovered 120 40 paper truecolor	172b7ce4c789d248
before	steps	hovered	render::components::steps::hovered 40 10 paper truecolor	a384943eeb2095f8
before	steps	hovered	render::components::steps::hovered 120 40 paper mono	b679a4f6c77a9820
before	steps	hovered	render::components::steps::hovered 40 10 paper mono	34f9ac6f86d83cc0
before	steps	pressed	render::components::steps::pressed 120 40 junie truecolor	7835c2a984c9f970
before	steps	pressed	render::components::steps::pressed 40 10 junie truecolor	d7057c5b501f7e50
before	steps	pressed	render::components::steps::pressed 120 40 junie mono	831f261cb10a53aa
before	steps	pressed	render::components::steps::pressed 40 10 junie mono	c86e449c901601ea
before	steps	pressed	render::components::steps::pressed 120 40 paper truecolor	5bfb3e4b80c37452
before	steps	pressed	render::components::steps::pressed 40 10 paper truecolor	bfdebf63045e06f2
before	steps	pressed	render::components::steps::pressed 120 40 paper mono	6589157e2e315230
before	steps	pressed	render::components::steps::pressed 40 10 paper mono	d7c8326e45241790
before	steps	disabled	render::components::steps::disabled 120 40 junie truecolor	623bc6071dbf9908
before	steps	disabled	render::components::steps::disabled 40 10 junie truecolor	60ef4ac347301488
before	steps	disabled	render::components::steps::disabled 120 40 junie mono	b054f35ce7b8a314
before	steps	disabled	render::components::steps::disabled 40 10 junie mono	1c36ff0e2567fb14
before	steps	disabled	render::components::steps::disabled 120 40 paper truecolor	b04e10d82c7e82fe
before	steps	disabled	render::components::steps::disabled 40 10 paper truecolor	b25d51b8737ac6fe
before	steps	disabled	render::components::steps::disabled 120 40 paper mono	b3f73e3ebdc10f48
before	steps	disabled	render::components::steps::disabled 40 10 paper mono	0b0bd01297cf91e8
before	steps	selected	render::components::steps::selected 120 40 junie truecolor	1d00177b06f03b80
before	steps	selected	render::components::steps::selected 40 10 junie truecolor	e2b7fa7e0b700520
before	steps	selected	render::components::steps::selected 120 40 junie mono	16c60c0e71d05628
before	steps	selected	render::components::steps::selected 40 10 junie mono	fbf6cac31bf12a28
before	steps	selected	render::components::steps::selected 120 40 paper truecolor	46db4044c112e098
before	steps	selected	render::components::steps::selected 40 10 paper truecolor	7f5158e1e2c235c8
before	steps	selected	render::components::steps::selected 120 40 paper mono	b679a4f6c77a9820
before	steps	selected	render::components::steps::selected 40 10 paper mono	34f9ac6f86d83cc0
before	steps	editing	render::components::steps::editing 120 40 junie truecolor	1d00177b06f03b80
before	steps	editing	render::components::steps::editing 40 10 junie truecolor	e2b7fa7e0b700520
before	steps	editing	render::components::steps::editing 120 40 junie mono	16c60c0e71d05628
before	steps	editing	render::components::steps::editing 40 10 junie mono	fbf6cac31bf12a28
before	steps	editing	render::components::steps::editing 120 40 paper truecolor	46db4044c112e098
before	steps	editing	render::components::steps::editing 40 10 paper truecolor	7f5158e1e2c235c8
before	steps	editing	render::components::steps::editing 120 40 paper mono	b679a4f6c77a9820
before	steps	editing	render::components::steps::editing 40 10 paper mono	34f9ac6f86d83cc0
before	steps	empty	render::components::steps::empty 120 40 junie truecolor	bb8f7bd0bfd35325
before	steps	empty	render::components::steps::empty 40 10 junie truecolor	84fd5bc55adde725
before	steps	empty	render::components::steps::empty 120 40 junie mono	73c4a5b11c3f00a5
before	steps	empty	render::components::steps::empty 40 10 junie mono	c077768fbca602c5
before	steps	empty	render::components::steps::empty 120 40 paper truecolor	f17bf6f69c6ee3e5
before	steps	empty	render::components::steps::empty 40 10 paper truecolor	11ab0ea7bba1c535
before	steps	empty	render::components::steps::empty 120 40 paper mono	160a569991b2f1a5
before	steps	empty	render::components::steps::empty 40 10 paper mono	f97dd0143a760945
before	too_small	default	render::components::too_small::default 120 40 junie truecolor	511be95f48f41361
before	too_small	default	render::components::too_small::default 40 10 junie truecolor	6c9b7b495157c7c8
before	too_small	default	render::components::too_small::default 120 40 junie mono	e37f4e0c8c41d85c
before	too_small	default	render::components::too_small::default 40 10 junie mono	9dc2a8f43da5bbae
before	too_small	default	render::components::too_small::default 120 40 paper truecolor	8e35d33388e2d693
before	too_small	default	render::components::too_small::default 40 10 paper truecolor	b257d3ea9a3742e6
before	too_small	default	render::components::too_small::default 120 40 paper mono	64212d720d76624a
before	too_small	default	render::components::too_small::default 40 10 paper mono	5384a23c1a196552
before	too_small	focused	render::components::too_small::focused 120 40 junie truecolor	511be95f48f41361
before	too_small	focused	render::components::too_small::focused 40 10 junie truecolor	6c9b7b495157c7c8
before	too_small	focused	render::components::too_small::focused 120 40 junie mono	e37f4e0c8c41d85c
before	too_small	focused	render::components::too_small::focused 40 10 junie mono	9dc2a8f43da5bbae
before	too_small	focused	render::components::too_small::focused 120 40 paper truecolor	8e35d33388e2d693
before	too_small	focused	render::components::too_small::focused 40 10 paper truecolor	b257d3ea9a3742e6
before	too_small	focused	render::components::too_small::focused 120 40 paper mono	64212d720d76624a
before	too_small	focused	render::components::too_small::focused 40 10 paper mono	5384a23c1a196552
before	too_small	hovered	render::components::too_small::hovered 120 40 junie truecolor	511be95f48f41361
before	too_small	hovered	render::components::too_small::hovered 40 10 junie truecolor	6c9b7b495157c7c8
before	too_small	hovered	render::components::too_small::hovered 120 40 junie mono	e37f4e0c8c41d85c
before	too_small	hovered	render::components::too_small::hovered 40 10 junie mono	9dc2a8f43da5bbae
before	too_small	hovered	render::components::too_small::hovered 120 40 paper truecolor	8e35d33388e2d693
before	too_small	hovered	render::components::too_small::hovered 40 10 paper truecolor	b257d3ea9a3742e6
before	too_small	hovered	render::components::too_small::hovered 120 40 paper mono	64212d720d76624a
before	too_small	hovered	render::components::too_small::hovered 40 10 paper mono	5384a23c1a196552
before	too_small	pressed	render::components::too_small::pressed 120 40 junie truecolor	511be95f48f41361
before	too_small	pressed	render::components::too_small::pressed 40 10 junie truecolor	6c9b7b495157c7c8
before	too_small	pressed	render::components::too_small::pressed 120 40 junie mono	e37f4e0c8c41d85c
before	too_small	pressed	render::components::too_small::pressed 40 10 junie mono	9dc2a8f43da5bbae
before	too_small	pressed	render::components::too_small::pressed 120 40 paper truecolor	8e35d33388e2d693
before	too_small	pressed	render::components::too_small::pressed 40 10 paper truecolor	b257d3ea9a3742e6
before	too_small	pressed	render::components::too_small::pressed 120 40 paper mono	64212d720d76624a
before	too_small	pressed	render::components::too_small::pressed 40 10 paper mono	5384a23c1a196552
before	too_small	disabled	render::components::too_small::disabled 120 40 junie truecolor	511be95f48f41361
before	too_small	disabled	render::components::too_small::disabled 40 10 junie truecolor	6c9b7b495157c7c8
before	too_small	disabled	render::components::too_small::disabled 120 40 junie mono	e37f4e0c8c41d85c
before	too_small	disabled	render::components::too_small::disabled 40 10 junie mono	9dc2a8f43da5bbae
before	too_small	disabled	render::components::too_small::disabled 120 40 paper truecolor	8e35d33388e2d693
before	too_small	disabled	render::components::too_small::disabled 40 10 paper truecolor	b257d3ea9a3742e6
before	too_small	disabled	render::components::too_small::disabled 120 40 paper mono	64212d720d76624a
before	too_small	disabled	render::components::too_small::disabled 40 10 paper mono	5384a23c1a196552
before	too_small	selected	render::components::too_small::selected 120 40 junie truecolor	511be95f48f41361
before	too_small	selected	render::components::too_small::selected 40 10 junie truecolor	6c9b7b495157c7c8
before	too_small	selected	render::components::too_small::selected 120 40 junie mono	e37f4e0c8c41d85c
before	too_small	selected	render::components::too_small::selected 40 10 junie mono	9dc2a8f43da5bbae
before	too_small	selected	render::components::too_small::selected 120 40 paper truecolor	8e35d33388e2d693
before	too_small	selected	render::components::too_small::selected 40 10 paper truecolor	b257d3ea9a3742e6
before	too_small	selected	render::components::too_small::selected 120 40 paper mono	64212d720d76624a
before	too_small	selected	render::components::too_small::selected 40 10 paper mono	5384a23c1a196552
before	too_small	editing	render::components::too_small::editing 120 40 junie truecolor	511be95f48f41361
before	too_small	editing	render::components::too_small::editing 40 10 junie truecolor	6c9b7b495157c7c8
before	too_small	editing	render::components::too_small::editing 120 40 junie mono	e37f4e0c8c41d85c
before	too_small	editing	render::components::too_small::editing 40 10 junie mono	9dc2a8f43da5bbae
before	too_small	editing	render::components::too_small::editing 120 40 paper truecolor	8e35d33388e2d693
before	too_small	editing	render::components::too_small::editing 40 10 paper truecolor	b257d3ea9a3742e6
before	too_small	editing	render::components::too_small::editing 120 40 paper mono	64212d720d76624a
before	too_small	editing	render::components::too_small::editing 40 10 paper mono	5384a23c1a196552
before	too_small	empty	render::components::too_small::empty 120 40 junie truecolor	9ea56067744f820f
before	too_small	empty	render::components::too_small::empty 40 10 junie truecolor	fce3d5f93630e6e2
before	too_small	empty	render::components::too_small::empty 120 40 junie mono	d177c60d725d64aa
before	too_small	empty	render::components::too_small::empty 40 10 junie mono	256562eec5d491f8
before	too_small	empty	render::components::too_small::empty 120 40 paper truecolor	8f4dff939e99610b
before	too_small	empty	render::components::too_small::empty 40 10 paper truecolor	1c5bdeef8b58dbfe
before	too_small	empty	render::components::too_small::empty 120 40 paper mono	90e5348a0528c210
before	too_small	empty	render::components::too_small::empty 40 10 paper mono	e185626efd6e123c
before	filter_list	default	render::components::filter_list::default 120 40 junie truecolor	b7da71dfea121f8c
before	filter_list	default	render::components::filter_list::default 40 10 junie truecolor	97507dd1ee80de0c
before	filter_list	default	render::components::filter_list::default 120 40 junie mono	5173a3946a6f6d5d
before	filter_list	default	render::components::filter_list::default 40 10 junie mono	d1164217669aa67d
before	filter_list	default	render::components::filter_list::default 120 40 paper truecolor	ca34396211af4364
before	filter_list	default	render::components::filter_list::default 40 10 paper truecolor	fcd4e0fb44859354
before	filter_list	default	render::components::filter_list::default 120 40 paper mono	8a92f44a0e7b1e2f
before	filter_list	default	render::components::filter_list::default 40 10 paper mono	c04b8c0f1387c74f
before	filter_list	focused	render::components::filter_list::focused 120 40 junie truecolor	917af23a272149b8
before	filter_list	focused	render::components::filter_list::focused 40 10 junie truecolor	58377252918b9118
before	filter_list	focused	render::components::filter_list::focused 120 40 junie mono	6449c6c04aeb76e9
before	filter_list	focused	render::components::filter_list::focused 40 10 junie mono	d09db330fe7eb549
before	filter_list	focused	render::components::filter_list::focused 120 40 paper truecolor	e7daa7763ab26b60
before	filter_list	focused	render::components::filter_list::focused 40 10 paper truecolor	afa33f2b36594b00
before	filter_list	focused	render::components::filter_list::focused 120 40 paper mono	e37c24926f0b135b
before	filter_list	focused	render::components::filter_list::focused 40 10 paper mono	0c1a4adfb09fc63b
before	filter_list	hovered	render::components::filter_list::hovered 120 40 junie truecolor	53145aa4ee535e4c
before	filter_list	hovered	render::components::filter_list::hovered 40 10 junie truecolor	3638b0be638e7ecc
before	filter_list	hovered	render::components::filter_list::hovered 120 40 junie mono	5173a3946a6f6d5d
before	filter_list	hovered	render::components::filter_list::hovered 40 10 junie mono	d1164217669aa67d
before	filter_list	hovered	render::components::filter_list::hovered 120 40 paper truecolor	4558ba55a19de604
before	filter_list	hovered	render::components::filter_list::hovered 40 10 paper truecolor	9950ade87343d534
before	filter_list	hovered	render::components::filter_list::hovered 120 40 paper mono	8a92f44a0e7b1e2f
before	filter_list	hovered	render::components::filter_list::hovered 40 10 paper mono	c04b8c0f1387c74f
before	filter_list	pressed	render::components::filter_list::pressed 120 40 junie truecolor	917af23a272149b8
before	filter_list	pressed	render::components::filter_list::pressed 40 10 junie truecolor	58377252918b9118
before	filter_list	pressed	render::components::filter_list::pressed 120 40 junie mono	6449c6c04aeb76e9
before	filter_list	pressed	render::components::filter_list::pressed 40 10 junie mono	d09db330fe7eb549
before	filter_list	pressed	render::components::filter_list::pressed 120 40 paper truecolor	e7daa7763ab26b60
before	filter_list	pressed	render::components::filter_list::pressed 40 10 paper truecolor	afa33f2b36594b00
before	filter_list	pressed	render::components::filter_list::pressed 120 40 paper mono	e37c24926f0b135b
before	filter_list	pressed	render::components::filter_list::pressed 40 10 paper mono	0c1a4adfb09fc63b
before	filter_list	disabled	render::components::filter_list::disabled 120 40 junie truecolor	25257f63b96a7df0
before	filter_list	disabled	render::components::filter_list::disabled 40 10 junie truecolor	f8bdbf39e13c8830
before	filter_list	disabled	render::components::filter_list::disabled 120 40 junie mono	e48d23717d79dbe7
before	filter_list	disabled	render::components::filter_list::disabled 40 10 junie mono	da80e7b7ffbee9e7
before	filter_list	disabled	render::components::filter_list::disabled 120 40 paper truecolor	963af80548d079ab
before	filter_list	disabled	render::components::filter_list::disabled 40 10 paper truecolor	a17213afcd4ea9ab
before	filter_list	disabled	render::components::filter_list::disabled 120 40 paper mono	ad1197bae1b48be1
before	filter_list	disabled	render::components::filter_list::disabled 40 10 paper mono	368945fa4152f201
before	filter_list	selected	render::components::filter_list::selected 120 40 junie truecolor	b7da71dfea121f8c
before	filter_list	selected	render::components::filter_list::selected 40 10 junie truecolor	97507dd1ee80de0c
before	filter_list	selected	render::components::filter_list::selected 120 40 junie mono	5173a3946a6f6d5d
before	filter_list	selected	render::components::filter_list::selected 40 10 junie mono	d1164217669aa67d
before	filter_list	selected	render::components::filter_list::selected 120 40 paper truecolor	ca34396211af4364
before	filter_list	selected	render::components::filter_list::selected 40 10 paper truecolor	fcd4e0fb44859354
before	filter_list	selected	render::components::filter_list::selected 120 40 paper mono	8a92f44a0e7b1e2f
before	filter_list	selected	render::components::filter_list::selected 40 10 paper mono	c04b8c0f1387c74f
before	filter_list	editing	render::components::filter_list::editing 120 40 junie truecolor	b7da71dfea121f8c
before	filter_list	editing	render::components::filter_list::editing 40 10 junie truecolor	97507dd1ee80de0c
before	filter_list	editing	render::components::filter_list::editing 120 40 junie mono	5173a3946a6f6d5d
before	filter_list	editing	render::components::filter_list::editing 40 10 junie mono	d1164217669aa67d
before	filter_list	editing	render::components::filter_list::editing 120 40 paper truecolor	ca34396211af4364
before	filter_list	editing	render::components::filter_list::editing 40 10 paper truecolor	fcd4e0fb44859354
before	filter_list	editing	render::components::filter_list::editing 120 40 paper mono	8a92f44a0e7b1e2f
before	filter_list	editing	render::components::filter_list::editing 40 10 paper mono	c04b8c0f1387c74f
before	filter_list	empty	render::components::filter_list::empty 120 40 junie truecolor	1d170068e8dc22c9
before	filter_list	empty	render::components::filter_list::empty 40 10 junie truecolor	1efd980f03fcdfc9
before	filter_list	empty	render::components::filter_list::empty 120 40 junie mono	3a116dbe6b6cd15d
before	filter_list	empty	render::components::filter_list::empty 40 10 junie mono	e7c1508916e21ebd
before	filter_list	empty	render::components::filter_list::empty 120 40 paper truecolor	67f6d78d0e4d6297
before	filter_list	empty	render::components::filter_list::empty 40 10 paper truecolor	299686fa5483e7e7
before	filter_list	empty	render::components::filter_list::empty 120 40 paper mono	33499efc5e0a12c9
before	filter_list	empty	render::components::filter_list::empty 40 10 paper mono	b0f35ddfc7dc69a9
before	picker	default	render::components::picker::default 120 40 junie truecolor	9b37264df946abc8
before	picker	default	render::components::picker::default 40 10 junie truecolor	94688363474c2f78
before	picker	default	render::components::picker::default 120 40 junie mono	b3ae92858be43071
before	picker	default	render::components::picker::default 40 10 junie mono	f74d37210e531a91
before	picker	default	render::components::picker::default 120 40 paper truecolor	96876118d6a26b7c
before	picker	default	render::components::picker::default 40 10 paper truecolor	91b8158edc253e0c
before	picker	default	render::components::picker::default 120 40 paper mono	84f14628077bc8c7
before	picker	default	render::components::picker::default 40 10 paper mono	b659d32c315ba277
before	picker	focused	render::components::picker::focused 120 40 junie truecolor	e86c596e8f67992e
before	picker	focused	render::components::picker::focused 40 10 junie truecolor	5e9e8059097fa47a
before	picker	focused	render::components::picker::focused 120 40 junie mono	3b3e3c128e5a6a0d
before	picker	focused	render::components::picker::focused 40 10 junie mono	e71f4fbb98c0629d
before	picker	focused	render::components::picker::focused 120 40 paper truecolor	d74a1161bf34e69e
before	picker	focused	render::components::picker::focused 40 10 paper truecolor	c65062169bcf1fc2
before	picker	focused	render::components::picker::focused 120 40 paper mono	a8252482ad8025bb
before	picker	focused	render::components::picker::focused 40 10 paper mono	d3e9fcf66ea92fbb
before	picker	hovered	render::components::picker::hovered 120 40 junie truecolor	8206a38e0abd5008
before	picker	hovered	render::components::picker::hovered 40 10 junie truecolor	0295ddee0f6489d4
before	picker	hovered	render::components::picker::hovered 120 40 junie mono	b3ae92858be43071
before	picker	hovered	render::components::picker::hovered 40 10 junie mono	f74d37210e531a91
before	picker	hovered	render::components::picker::hovered 120 40 paper truecolor	87a5baa02c2313bc
before	picker	hovered	render::components::picker::hovered 40 10 paper truecolor	a85fa848e67eaee0
before	picker	hovered	render::components::picker::hovered 120 40 paper mono	84f14628077bc8c7
before	picker	hovered	render::components::picker::hovered 40 10 paper mono	b659d32c315ba277
before	picker	pressed	render::components::picker::pressed 120 40 junie truecolor	e86c596e8f67992e
before	picker	pressed	render::components::picker::pressed 40 10 junie truecolor	5e9e8059097fa47a
before	picker	pressed	render::components::picker::pressed 120 40 junie mono	3b3e3c128e5a6a0d
before	picker	pressed	render::components::picker::pressed 40 10 junie mono	e71f4fbb98c0629d
before	picker	pressed	render::components::picker::pressed 120 40 paper truecolor	d74a1161bf34e69e
before	picker	pressed	render::components::picker::pressed 40 10 paper truecolor	c65062169bcf1fc2
before	picker	pressed	render::components::picker::pressed 120 40 paper mono	a8252482ad8025bb
before	picker	pressed	render::components::picker::pressed 40 10 paper mono	d3e9fcf66ea92fbb
before	picker	disabled	render::components::picker::disabled 120 40 junie truecolor	89a724e22b9588ae
before	picker	disabled	render::components::picker::disabled 40 10 junie truecolor	45dbeb10ec3f053e
before	picker	disabled	render::components::picker::disabled 120 40 junie mono	277c1b15f0da725f
before	picker	disabled	render::components::picker::disabled 40 10 junie mono	40a62da040d2132f
before	picker	disabled	render::components::picker::disabled 120 40 paper truecolor	06eb867610a74d09
before	picker	disabled	render::components::picker::disabled 40 10 paper truecolor	2a678b62982ae639
before	picker	disabled	render::components::picker::disabled 120 40 paper mono	1b419385c1f0d35d
before	picker	disabled	render::components::picker::disabled 40 10 paper mono	be5eb8f8c776d83d
before	picker	selected	render::components::picker::selected 120 40 junie truecolor	9b37264df946abc8
before	picker	selected	render::components::picker::selected 40 10 junie truecolor	94688363474c2f78
before	picker	selected	render::components::picker::selected 120 40 junie mono	b3ae92858be43071
before	picker	selected	render::components::picker::selected 40 10 junie mono	f74d37210e531a91
before	picker	selected	render::components::picker::selected 120 40 paper truecolor	96876118d6a26b7c
before	picker	selected	render::components::picker::selected 40 10 paper truecolor	91b8158edc253e0c
before	picker	selected	render::components::picker::selected 120 40 paper mono	84f14628077bc8c7
before	picker	selected	render::components::picker::selected 40 10 paper mono	b659d32c315ba277
before	picker	editing	render::components::picker::editing 120 40 junie truecolor	9b37264df946abc8
before	picker	editing	render::components::picker::editing 40 10 junie truecolor	94688363474c2f78
before	picker	editing	render::components::picker::editing 120 40 junie mono	b3ae92858be43071
before	picker	editing	render::components::picker::editing 40 10 junie mono	f74d37210e531a91
before	picker	editing	render::components::picker::editing 120 40 paper truecolor	96876118d6a26b7c
before	picker	editing	render::components::picker::editing 40 10 paper truecolor	91b8158edc253e0c
before	picker	editing	render::components::picker::editing 120 40 paper mono	84f14628077bc8c7
before	picker	editing	render::components::picker::editing 40 10 paper mono	b659d32c315ba277
before	picker	empty	render::components::picker::empty 120 40 junie truecolor	24a1c023e47afb91
before	picker	empty	render::components::picker::empty 40 10 junie truecolor	e8d69c83a18c8671
before	picker	empty	render::components::picker::empty 120 40 junie mono	ff1c8f41860df5d1
before	picker	empty	render::components::picker::empty 40 10 junie mono	39381cf0b9a27af1
before	picker	empty	render::components::picker::empty 120 40 paper truecolor	13a1c24275705d9b
before	picker	empty	render::components::picker::empty 40 10 paper truecolor	b9694c43428d2f4b
before	picker	empty	render::components::picker::empty 120 40 paper mono	b93d6433fa26cbdd
before	picker	empty	render::components::picker::empty 40 10 paper mono	6c8c6a14c18d99bd
before	completion	default	render::components::completion::default 120 40 junie truecolor	529d0b2b17216132
before	completion	default	render::components::completion::default 40 10 junie truecolor	1f1f796e74ebb572
before	completion	default	render::components::completion::default 120 40 junie mono	2c52b2cb646f5dd5
before	completion	default	render::components::completion::default 40 10 junie mono	41fdaff714ab0375
before	completion	default	render::components::completion::default 120 40 paper truecolor	1bde724981c69778
before	completion	default	render::components::completion::default 40 10 paper truecolor	d7a41a466fbe82e8
before	completion	default	render::components::completion::default 120 40 paper mono	f9d6feb332ccd447
before	completion	default	render::components::completion::default 40 10 paper mono	d24f0ece251a4c37
before	completion	focused	render::components::completion::focused 120 40 junie truecolor	529d0b2b17216132
before	completion	focused	render::components::completion::focused 40 10 junie truecolor	1f1f796e74ebb572
before	completion	focused	render::components::completion::focused 120 40 junie mono	2c52b2cb646f5dd5
before	completion	focused	render::components::completion::focused 40 10 junie mono	41fdaff714ab0375
before	completion	focused	render::components::completion::focused 120 40 paper truecolor	1bde724981c69778
before	completion	focused	render::components::completion::focused 40 10 paper truecolor	d7a41a466fbe82e8
before	completion	focused	render::components::completion::focused 120 40 paper mono	f9d6feb332ccd447
before	completion	focused	render::components::completion::focused 40 10 paper mono	d24f0ece251a4c37
before	completion	hovered	render::components::completion::hovered 120 40 junie truecolor	529d0b2b17216132
before	completion	hovered	render::components::completion::hovered 40 10 junie truecolor	1f1f796e74ebb572
before	completion	hovered	render::components::completion::hovered 120 40 junie mono	2c52b2cb646f5dd5
before	completion	hovered	render::components::completion::hovered 40 10 junie mono	41fdaff714ab0375
before	completion	hovered	render::components::completion::hovered 120 40 paper truecolor	1bde724981c69778
before	completion	hovered	render::components::completion::hovered 40 10 paper truecolor	d7a41a466fbe82e8
before	completion	hovered	render::components::completion::hovered 120 40 paper mono	f9d6feb332ccd447
before	completion	hovered	render::components::completion::hovered 40 10 paper mono	d24f0ece251a4c37
before	completion	pressed	render::components::completion::pressed 120 40 junie truecolor	9f4ca9af9726d314
before	completion	pressed	render::components::completion::pressed 40 10 junie truecolor	648acf049ed32534
before	completion	pressed	render::components::completion::pressed 120 40 junie mono	ebe498e8ebdbda13
before	completion	pressed	render::components::completion::pressed 40 10 junie mono	46c0a4bc5841cec3
before	completion	pressed	render::components::completion::pressed 120 40 paper truecolor	d882a9c7ac011ef9
before	completion	pressed	render::components::completion::pressed 40 10 paper truecolor	bb95328861765ba9
before	completion	pressed	render::components::completion::pressed 120 40 paper mono	d4dcd71c62410cdd
before	completion	pressed	render::components::completion::pressed 40 10 paper mono	64d8819fe8a2a01d
before	completion	disabled	render::components::completion::disabled 120 40 junie truecolor	1c26b765fa3c01b4
before	completion	disabled	render::components::completion::disabled 40 10 junie truecolor	340fd17c3e886e14
before	completion	disabled	render::components::completion::disabled 120 40 junie mono	a8d9f96587b2426b
before	completion	disabled	render::components::completion::disabled 40 10 junie mono	382ab6944939137b
before	completion	disabled	render::components::completion::disabled 120 40 paper truecolor	821f43a7274e1029
before	completion	disabled	render::components::completion::disabled 40 10 paper truecolor	921a334e64a6c439
before	completion	disabled	render::components::completion::disabled 120 40 paper mono	73998b54d968d1b5
before	completion	disabled	render::components::completion::disabled 40 10 paper mono	a164d4a369784095
before	completion	selected	render::components::completion::selected 120 40 junie truecolor	529d0b2b17216132
before	completion	selected	render::components::completion::selected 40 10 junie truecolor	1f1f796e74ebb572
before	completion	selected	render::components::completion::selected 120 40 junie mono	2c52b2cb646f5dd5
before	completion	selected	render::components::completion::selected 40 10 junie mono	41fdaff714ab0375
before	completion	selected	render::components::completion::selected 120 40 paper truecolor	1bde724981c69778
before	completion	selected	render::components::completion::selected 40 10 paper truecolor	d7a41a466fbe82e8
before	completion	selected	render::components::completion::selected 120 40 paper mono	f9d6feb332ccd447
before	completion	selected	render::components::completion::selected 40 10 paper mono	d24f0ece251a4c37
before	completion	editing	render::components::completion::editing 120 40 junie truecolor	529d0b2b17216132
before	completion	editing	render::components::completion::editing 40 10 junie truecolor	1f1f796e74ebb572
before	completion	editing	render::components::completion::editing 120 40 junie mono	2c52b2cb646f5dd5
before	completion	editing	render::components::completion::editing 40 10 junie mono	41fdaff714ab0375
before	completion	editing	render::components::completion::editing 120 40 paper truecolor	1bde724981c69778
before	completion	editing	render::components::completion::editing 40 10 paper truecolor	d7a41a466fbe82e8
before	completion	editing	render::components::completion::editing 120 40 paper mono	f9d6feb332ccd447
before	completion	editing	render::components::completion::editing 40 10 paper mono	d24f0ece251a4c37
before	completion	empty	render::components::completion::empty 120 40 junie truecolor	98d26c9a82a914d1
before	completion	empty	render::components::completion::empty 40 10 junie truecolor	6bade699fd37b6b1
before	completion	empty	render::components::completion::empty 120 40 junie mono	748ad16e5a9201ab
before	completion	empty	render::components::completion::empty 40 10 junie mono	786258fd876255db
before	completion	empty	render::components::completion::empty 120 40 paper truecolor	554f3e31e9d90acd
before	completion	empty	render::components::completion::empty 40 10 paper truecolor	4012ebd0878ca4cd
before	completion	empty	render::components::completion::empty 120 40 paper mono	e8490ab62e31ba53
before	completion	empty	render::components::completion::empty 40 10 paper mono	acc24e0a195b98a3
before	context_menu	default	render::components::context_menu::default 120 40 junie truecolor	901d2f48c8a112ae
before	context_menu	default	render::components::context_menu::default 40 10 junie truecolor	0713f57b0c11723e
before	context_menu	default	render::components::context_menu::default 120 40 junie mono	e6c6987845be0a57
before	context_menu	default	render::components::context_menu::default 40 10 junie mono	f37c624d906d3b07
before	context_menu	default	render::components::context_menu::default 120 40 paper truecolor	a3369cee78664ae0
before	context_menu	default	render::components::context_menu::default 40 10 paper truecolor	40ee1b43fd794f90
before	context_menu	default	render::components::context_menu::default 120 40 paper mono	e5b0936552b2ce19
before	context_menu	default	render::components::context_menu::default 40 10 paper mono	5b4a1ca147bd9b79
before	context_menu	focused	render::components::context_menu::focused 120 40 junie truecolor	623d5970e0c444dc
before	context_menu	focused	render::components::context_menu::focused 40 10 junie truecolor	37d07d2e6c3ad1cc
before	context_menu	focused	render::components::context_menu::focused 120 40 junie mono	cdf6a75218252d3b
before	context_menu	focused	render::components::context_menu::focused 40 10 junie mono	3b0d77754e60716b
before	context_menu	focused	render::components::context_menu::focused 120 40 paper truecolor	1061507442045652
before	context_menu	focused	render::components::context_menu::focused 40 10 paper truecolor	fbc48aa5a1f53b22
before	context_menu	focused	render::components::context_menu::focused 120 40 paper mono	106f1f0c63646731
before	context_menu	focused	render::components::context_menu::focused 40 10 paper mono	10324a08e5866dd1
before	context_menu	hovered	render::components::context_menu::hovered 120 40 junie truecolor	901d2f48c8a112ae
before	context_menu	hovered	render::components::context_menu::hovered 40 10 junie truecolor	0713f57b0c11723e
before	context_menu	hovered	render::components::context_menu::hovered 120 40 junie mono	e6c6987845be0a57
before	context_menu	hovered	render::components::context_menu::hovered 40 10 junie mono	f37c624d906d3b07
before	context_menu	hovered	render::components::context_menu::hovered 120 40 paper truecolor	a3369cee78664ae0
before	context_menu	hovered	render::components::context_menu::hovered 40 10 paper truecolor	40ee1b43fd794f90
before	context_menu	hovered	render::components::context_menu::hovered 120 40 paper mono	e5b0936552b2ce19
before	context_menu	hovered	render::components::context_menu::hovered 40 10 paper mono	5b4a1ca147bd9b79
before	context_menu	pressed	render::components::context_menu::pressed 120 40 junie truecolor	f8fef224828cd904
before	context_menu	pressed	render::components::context_menu::pressed 40 10 junie truecolor	721bc315c5e19bf4
before	context_menu	pressed	render::components::context_menu::pressed 120 40 junie mono	4eaf78e4938a6f01
before	context_menu	pressed	render::components::context_menu::pressed 40 10 junie mono	7538bb142cdd8b61
before	context_menu	pressed	render::components::context_menu::pressed 120 40 paper truecolor	654b0bbc9ae567c9
before	context_menu	pressed	render::components::context_menu::pressed 40 10 paper truecolor	8db8d2d82c7d7ec9
before	context_menu	pressed	render::components::context_menu::pressed 120 40 paper mono	2b593bd6b7f0167f
before	context_menu	pressed	render::components::context_menu::pressed 40 10 paper mono	2eeec66c5005dd6f
before	context_menu	disabled	render::components::context_menu::disabled 120 40 junie truecolor	61be5fae629761d4
before	context_menu	disabled	render::components::context_menu::disabled 40 10 junie truecolor	146050b80031d034
before	context_menu	disabled	render::components::context_menu::disabled 120 40 junie mono	61deb5fd4c10a3f5
before	context_menu	disabled	render::components::context_menu::disabled 40 10 junie mono	31e14e63d8691f55
before	context_menu	disabled	render::components::context_menu::disabled 120 40 paper truecolor	4026a3f1ae942ae3
before	context_menu	disabled	render::components::context_menu::disabled 40 10 paper truecolor	913ce39c20cd26b3
before	context_menu	disabled	render::components::context_menu::disabled 120 40 paper mono	ac9c66afef2839e7
before	context_menu	disabled	render::components::context_menu::disabled 40 10 paper mono	37a11284e974e417
before	context_menu	selected	render::components::context_menu::selected 120 40 junie truecolor	901d2f48c8a112ae
before	context_menu	selected	render::components::context_menu::selected 40 10 junie truecolor	0713f57b0c11723e
before	context_menu	selected	render::components::context_menu::selected 120 40 junie mono	e6c6987845be0a57
before	context_menu	selected	render::components::context_menu::selected 40 10 junie mono	f37c624d906d3b07
before	context_menu	selected	render::components::context_menu::selected 120 40 paper truecolor	a3369cee78664ae0
before	context_menu	selected	render::components::context_menu::selected 40 10 paper truecolor	40ee1b43fd794f90
before	context_menu	selected	render::components::context_menu::selected 120 40 paper mono	e5b0936552b2ce19
before	context_menu	selected	render::components::context_menu::selected 40 10 paper mono	5b4a1ca147bd9b79
before	context_menu	editing	render::components::context_menu::editing 120 40 junie truecolor	901d2f48c8a112ae
before	context_menu	editing	render::components::context_menu::editing 40 10 junie truecolor	0713f57b0c11723e
before	context_menu	editing	render::components::context_menu::editing 120 40 junie mono	e6c6987845be0a57
before	context_menu	editing	render::components::context_menu::editing 40 10 junie mono	f37c624d906d3b07
before	context_menu	editing	render::components::context_menu::editing 120 40 paper truecolor	a3369cee78664ae0
before	context_menu	editing	render::components::context_menu::editing 40 10 paper truecolor	40ee1b43fd794f90
before	context_menu	editing	render::components::context_menu::editing 120 40 paper mono	e5b0936552b2ce19
before	context_menu	editing	render::components::context_menu::editing 40 10 paper mono	5b4a1ca147bd9b79
before	context_menu	empty	render::components::context_menu::empty 120 40 junie truecolor	8a50d9ce040d51d3
before	context_menu	empty	render::components::context_menu::empty 40 10 junie truecolor	5c62d21c345cbc93
before	context_menu	empty	render::components::context_menu::empty 120 40 junie mono	4e94a268eb16abc5
before	context_menu	empty	render::components::context_menu::empty 40 10 junie mono	87bc2ad1e2b94765
before	context_menu	empty	render::components::context_menu::empty 120 40 paper truecolor	40dadeb2b5dc4935
before	context_menu	empty	render::components::context_menu::empty 40 10 paper truecolor	3d46a476f91b6015
before	context_menu	empty	render::components::context_menu::empty 120 40 paper mono	440d4db982c44495
before	context_menu	empty	render::components::context_menu::empty 40 10 paper mono	e5b8d64c12924fb5
before	menu_bar	default	render::components::menu_bar::default 120 40 junie truecolor	5cae5c8506ff7113
before	menu_bar	default	render::components::menu_bar::default 40 10 junie truecolor	f50445ec8b64db53
before	menu_bar	default	render::components::menu_bar::default 120 40 junie mono	ee5d27b03b18dbb3
before	menu_bar	default	render::components::menu_bar::default 40 10 junie mono	12b9a851f9af4d93
before	menu_bar	default	render::components::menu_bar::default 120 40 paper truecolor	7326495bdac3a26f
before	menu_bar	default	render::components::menu_bar::default 40 10 paper truecolor	0d6c0a069c56e61f
before	menu_bar	default	render::components::menu_bar::default 120 40 paper mono	fd2495cb9a5e26ab
before	menu_bar	default	render::components::menu_bar::default 40 10 paper mono	30ec7711c4af9f0b
before	menu_bar	focused	render::components::menu_bar::focused 120 40 junie truecolor	b887768766e14f6b
before	menu_bar	focused	render::components::menu_bar::focused 40 10 junie truecolor	7ac9621c1392da4b
before	menu_bar	focused	render::components::menu_bar::focused 120 40 junie mono	da63d7703387d693
before	menu_bar	focused	render::components::menu_bar::focused 40 10 junie mono	13f486acbd43b433
before	menu_bar	focused	render::components::menu_bar::focused 120 40 paper truecolor	14cb6ff5fecbe78f
before	menu_bar	focused	render::components::menu_bar::focused 40 10 paper truecolor	d4177f3b6fd82caf
before	menu_bar	focused	render::components::menu_bar::focused 120 40 paper mono	2d490f55bb907bdb
before	menu_bar	focused	render::components::menu_bar::focused 40 10 paper mono	cd3eed35c314aefb
before	menu_bar	hovered	render::components::menu_bar::hovered 120 40 junie truecolor	dd6d4681066c2973
before	menu_bar	hovered	render::components::menu_bar::hovered 40 10 junie truecolor	bcc2124ed2879573
before	menu_bar	hovered	render::components::menu_bar::hovered 120 40 junie mono	ee5d27b03b18dbb3
before	menu_bar	hovered	render::components::menu_bar::hovered 40 10 junie mono	12b9a851f9af4d93
before	menu_bar	hovered	render::components::menu_bar::hovered 120 40 paper truecolor	0d484da321772833
before	menu_bar	hovered	render::components::menu_bar::hovered 40 10 paper truecolor	0ab38d293c840ca3
before	menu_bar	hovered	render::components::menu_bar::hovered 120 40 paper mono	fd2495cb9a5e26ab
before	menu_bar	hovered	render::components::menu_bar::hovered 40 10 paper mono	30ec7711c4af9f0b
before	menu_bar	pressed	render::components::menu_bar::pressed 120 40 junie truecolor	cddfa42ea5bf29b9
before	menu_bar	pressed	render::components::menu_bar::pressed 40 10 junie truecolor	6870d18fc97f0159
before	menu_bar	pressed	render::components::menu_bar::pressed 120 40 junie mono	08cf95ebab882b59
before	menu_bar	pressed	render::components::menu_bar::pressed 40 10 junie mono	3c50cde66e9cfd79
before	menu_bar	pressed	render::components::menu_bar::pressed 120 40 paper truecolor	9ab460c2de399267
before	menu_bar	pressed	render::components::menu_bar::pressed 40 10 paper truecolor	f57e2098541acb07
before	menu_bar	pressed	render::components::menu_bar::pressed 120 40 paper mono	ea8d79e3032d89f9
before	menu_bar	pressed	render::components::menu_bar::pressed 40 10 paper mono	23b4f73cbff28a99
before	menu_bar	disabled	render::components::menu_bar::disabled 120 40 junie truecolor	5cae5c8506ff7113
before	menu_bar	disabled	render::components::menu_bar::disabled 40 10 junie truecolor	f50445ec8b64db53
before	menu_bar	disabled	render::components::menu_bar::disabled 120 40 junie mono	ee5d27b03b18dbb3
before	menu_bar	disabled	render::components::menu_bar::disabled 40 10 junie mono	12b9a851f9af4d93
before	menu_bar	disabled	render::components::menu_bar::disabled 120 40 paper truecolor	7326495bdac3a26f
before	menu_bar	disabled	render::components::menu_bar::disabled 40 10 paper truecolor	0d6c0a069c56e61f
before	menu_bar	disabled	render::components::menu_bar::disabled 120 40 paper mono	fd2495cb9a5e26ab
before	menu_bar	disabled	render::components::menu_bar::disabled 40 10 paper mono	30ec7711c4af9f0b
before	menu_bar	selected	render::components::menu_bar::selected 120 40 junie truecolor	5cae5c8506ff7113
before	menu_bar	selected	render::components::menu_bar::selected 40 10 junie truecolor	f50445ec8b64db53
before	menu_bar	selected	render::components::menu_bar::selected 120 40 junie mono	ee5d27b03b18dbb3
before	menu_bar	selected	render::components::menu_bar::selected 40 10 junie mono	12b9a851f9af4d93
before	menu_bar	selected	render::components::menu_bar::selected 120 40 paper truecolor	7326495bdac3a26f
before	menu_bar	selected	render::components::menu_bar::selected 40 10 paper truecolor	0d6c0a069c56e61f
before	menu_bar	selected	render::components::menu_bar::selected 120 40 paper mono	fd2495cb9a5e26ab
before	menu_bar	selected	render::components::menu_bar::selected 40 10 paper mono	30ec7711c4af9f0b
before	menu_bar	editing	render::components::menu_bar::editing 120 40 junie truecolor	5cae5c8506ff7113
before	menu_bar	editing	render::components::menu_bar::editing 40 10 junie truecolor	f50445ec8b64db53
before	menu_bar	editing	render::components::menu_bar::editing 120 40 junie mono	ee5d27b03b18dbb3
before	menu_bar	editing	render::components::menu_bar::editing 40 10 junie mono	12b9a851f9af4d93
before	menu_bar	editing	render::components::menu_bar::editing 120 40 paper truecolor	7326495bdac3a26f
before	menu_bar	editing	render::components::menu_bar::editing 40 10 paper truecolor	0d6c0a069c56e61f
before	menu_bar	editing	render::components::menu_bar::editing 120 40 paper mono	fd2495cb9a5e26ab
before	menu_bar	editing	render::components::menu_bar::editing 40 10 paper mono	30ec7711c4af9f0b
before	menu_bar	empty	render::components::menu_bar::empty 120 40 junie truecolor	07956662f63572e5
before	menu_bar	empty	render::components::menu_bar::empty 40 10 junie truecolor	990fe07362a7a1e5
before	menu_bar	empty	render::components::menu_bar::empty 120 40 junie mono	775ed00fb11c2055
before	menu_bar	empty	render::components::menu_bar::empty 40 10 junie mono	667993539041c735
before	menu_bar	empty	render::components::menu_bar::empty 120 40 paper truecolor	57840e9460f018cd
before	menu_bar	empty	render::components::menu_bar::empty 40 10 paper truecolor	bae357d34062b4fd
before	menu_bar	empty	render::components::menu_bar::empty 120 40 paper mono	a5faaa27fc09f0d5
before	menu_bar	empty	render::components::menu_bar::empty 40 10 paper mono	a90417df72cfc035
before	picker_chain	default	render::components::picker_chain::default 120 40 junie truecolor	b7081733e2f45ede
before	picker_chain	default	render::components::picker_chain::default 40 10 junie truecolor	cb7c93a6d76088de
before	picker_chain	default	render::components::picker_chain::default 120 40 junie mono	79a4feb79184f0d2
before	picker_chain	default	render::components::picker_chain::default 40 10 junie mono	3b157164d06fad32
before	picker_chain	default	render::components::picker_chain::default 120 40 paper truecolor	fbba09714c4ed84c
before	picker_chain	default	render::components::picker_chain::default 40 10 paper truecolor	18834e6a4d8ffe3c
before	picker_chain	default	render::components::picker_chain::default 120 40 paper mono	ed1bddc828302a72
before	picker_chain	default	render::components::picker_chain::default 40 10 paper mono	ace67f346e0f67d2
before	picker_chain	focused	render::components::picker_chain::focused 120 40 junie truecolor	ba414f7a8ee2b57c
before	picker_chain	focused	render::components::picker_chain::focused 40 10 junie truecolor	0d0b689190cf6ffc
before	picker_chain	focused	render::components::picker_chain::focused 120 40 junie mono	08c34c641eaea87a
before	picker_chain	focused	render::components::picker_chain::focused 40 10 junie mono	840adf5dcabf44da
before	picker_chain	focused	render::components::picker_chain::focused 120 40 paper truecolor	640013562c9c9945
before	picker_chain	focused	render::components::picker_chain::focused 40 10 paper truecolor	f1550b16fed75ed5
before	picker_chain	focused	render::components::picker_chain::focused 120 40 paper mono	77d780ec51299b5a
before	picker_chain	focused	render::components::picker_chain::focused 40 10 paper mono	245f5f820d83dd3a
before	picker_chain	hovered	render::components::picker_chain::hovered 120 40 junie truecolor	b7081733e2f45ede
before	picker_chain	hovered	render::components::picker_chain::hovered 40 10 junie truecolor	cb7c93a6d76088de
before	picker_chain	hovered	render::components::picker_chain::hovered 120 40 junie mono	79a4feb79184f0d2
before	picker_chain	hovered	render::components::picker_chain::hovered 40 10 junie mono	3b157164d06fad32
before	picker_chain	hovered	render::components::picker_chain::hovered 120 40 paper truecolor	fbba09714c4ed84c
before	picker_chain	hovered	render::components::picker_chain::hovered 40 10 paper truecolor	18834e6a4d8ffe3c
before	picker_chain	hovered	render::components::picker_chain::hovered 120 40 paper mono	ed1bddc828302a72
before	picker_chain	hovered	render::components::picker_chain::hovered 40 10 paper mono	ace67f346e0f67d2
before	picker_chain	pressed	render::components::picker_chain::pressed 120 40 junie truecolor	0c7b01e4595b1aaf
before	picker_chain	pressed	render::components::picker_chain::pressed 40 10 junie truecolor	9435361fc73f02ef
before	picker_chain	pressed	render::components::picker_chain::pressed 120 40 junie mono	f6a1b4a7b88f37d3
before	picker_chain	pressed	render::components::picker_chain::pressed 40 10 junie mono	ff28d5b515b64a13
before	picker_chain	pressed	render::components::picker_chain::pressed 120 40 paper truecolor	34cfd5a44a9baa56
before	picker_chain	pressed	render::components::picker_chain::pressed 40 10 paper truecolor	f47b6e9571a03816
before	picker_chain	pressed	render::components::picker_chain::pressed 120 40 paper mono	bd2066794bcdaa45
before	picker_chain	pressed	render::components::picker_chain::pressed 40 10 paper mono	46f3ebcf8cf04125
before	picker_chain	disabled	render::components::picker_chain::disabled 120 40 junie truecolor	2b125c7d5af4aa68
before	picker_chain	disabled	render::components::picker_chain::disabled 40 10 junie truecolor	48cdc7e4cc357068
before	picker_chain	disabled	render::components::picker_chain::disabled 120 40 junie mono	30fbbf2af069aeed
before	picker_chain	disabled	render::components::picker_chain::disabled 40 10 junie mono	ad3b7fbd5f52b86d
before	picker_chain	disabled	render::components::picker_chain::disabled 120 40 paper truecolor	1049201743a0e082
before	picker_chain	disabled	render::components::picker_chain::disabled 40 10 paper truecolor	7c3987c4e62cf7d2
before	picker_chain	disabled	render::components::picker_chain::disabled 120 40 paper mono	2b75b0fd11da2d05
before	picker_chain	disabled	render::components::picker_chain::disabled 40 10 paper mono	6f393f4765f70665
before	picker_chain	selected	render::components::picker_chain::selected 120 40 junie truecolor	b7081733e2f45ede
before	picker_chain	selected	render::components::picker_chain::selected 40 10 junie truecolor	cb7c93a6d76088de
before	picker_chain	selected	render::components::picker_chain::selected 120 40 junie mono	79a4feb79184f0d2
before	picker_chain	selected	render::components::picker_chain::selected 40 10 junie mono	3b157164d06fad32
before	picker_chain	selected	render::components::picker_chain::selected 120 40 paper truecolor	fbba09714c4ed84c
before	picker_chain	selected	render::components::picker_chain::selected 40 10 paper truecolor	18834e6a4d8ffe3c
before	picker_chain	selected	render::components::picker_chain::selected 120 40 paper mono	ed1bddc828302a72
before	picker_chain	selected	render::components::picker_chain::selected 40 10 paper mono	ace67f346e0f67d2
before	picker_chain	editing	render::components::picker_chain::editing 120 40 junie truecolor	5e84cbca2d95b2ec
before	picker_chain	editing	render::components::picker_chain::editing 40 10 junie truecolor	951544bd2995c34c
before	picker_chain	editing	render::components::picker_chain::editing 120 40 junie mono	5b807aec32dff981
before	picker_chain	editing	render::components::picker_chain::editing 40 10 junie mono	4f44b797af665fe1
before	picker_chain	editing	render::components::picker_chain::editing 120 40 paper truecolor	770d18c5223fe7e8
before	picker_chain	editing	render::components::picker_chain::editing 40 10 paper truecolor	33df98313e55d588
before	picker_chain	editing	render::components::picker_chain::editing 120 40 paper mono	11d277dff5d7d4e1
before	picker_chain	editing	render::components::picker_chain::editing 40 10 paper mono	a5ae2f15682afcc1
before	picker_chain	empty	render::components::picker_chain::empty 120 40 junie truecolor	703cf9a60baf9685
before	picker_chain	empty	render::components::picker_chain::empty 40 10 junie truecolor	97d29b2c8ab84ac5
before	picker_chain	empty	render::components::picker_chain::empty 120 40 junie mono	cb5e907ef014b325
before	picker_chain	empty	render::components::picker_chain::empty 40 10 junie mono	13af94df52443205
before	picker_chain	empty	render::components::picker_chain::empty 120 40 paper truecolor	951e10a443b95dc5
before	picker_chain	empty	render::components::picker_chain::empty 40 10 paper truecolor	d7f27c80d1594355
before	picker_chain	empty	render::components::picker_chain::empty 120 40 paper mono	e33e614842ffc725
before	picker_chain	empty	render::components::picker_chain::empty 40 10 paper mono	73323111654d1385
before	wizard	default	render::components::wizard::default 120 40 junie truecolor	8862c8bb099345a8
before	wizard	default	render::components::wizard::default 40 10 junie truecolor	570b446a1182977c
before	wizard	default	render::components::wizard::default 120 40 junie mono	493c6b527c9bb2b8
before	wizard	default	render::components::wizard::default 40 10 junie mono	460f5c1ee441a9e0
before	wizard	default	render::components::wizard::default 120 40 paper truecolor	2a9991ed121f720a
before	wizard	default	render::components::wizard::default 40 10 paper truecolor	5e4c34fbf5f8830a
before	wizard	default	render::components::wizard::default 120 40 paper mono	1f9a6c68f96d1140
before	wizard	default	render::components::wizard::default 40 10 paper mono	526eebbd75b93920
before	wizard	focused	render::components::wizard::focused 120 40 junie truecolor	8862c8bb099345a8
before	wizard	focused	render::components::wizard::focused 40 10 junie truecolor	570b446a1182977c
before	wizard	focused	render::components::wizard::focused 120 40 junie mono	493c6b527c9bb2b8
before	wizard	focused	render::components::wizard::focused 40 10 junie mono	460f5c1ee441a9e0
before	wizard	focused	render::components::wizard::focused 120 40 paper truecolor	2a9991ed121f720a
before	wizard	focused	render::components::wizard::focused 40 10 paper truecolor	5e4c34fbf5f8830a
before	wizard	focused	render::components::wizard::focused 120 40 paper mono	1f9a6c68f96d1140
before	wizard	focused	render::components::wizard::focused 40 10 paper mono	526eebbd75b93920
before	wizard	hovered	render::components::wizard::hovered 120 40 junie truecolor	8862c8bb099345a8
before	wizard	hovered	render::components::wizard::hovered 40 10 junie truecolor	570b446a1182977c
before	wizard	hovered	render::components::wizard::hovered 120 40 junie mono	493c6b527c9bb2b8
before	wizard	hovered	render::components::wizard::hovered 40 10 junie mono	460f5c1ee441a9e0
before	wizard	hovered	render::components::wizard::hovered 120 40 paper truecolor	2a9991ed121f720a
before	wizard	hovered	render::components::wizard::hovered 40 10 paper truecolor	5e4c34fbf5f8830a
before	wizard	hovered	render::components::wizard::hovered 120 40 paper mono	1f9a6c68f96d1140
before	wizard	hovered	render::components::wizard::hovered 40 10 paper mono	526eebbd75b93920
before	wizard	pressed	render::components::wizard::pressed 120 40 junie truecolor	8862c8bb099345a8
before	wizard	pressed	render::components::wizard::pressed 40 10 junie truecolor	570b446a1182977c
before	wizard	pressed	render::components::wizard::pressed 120 40 junie mono	cef09389d9540263
before	wizard	pressed	render::components::wizard::pressed 40 10 junie mono	d82168f7118bd853
before	wizard	pressed	render::components::wizard::pressed 120 40 paper truecolor	2a9991ed121f720a
before	wizard	pressed	render::components::wizard::pressed 40 10 paper truecolor	5e4c34fbf5f8830a
before	wizard	pressed	render::components::wizard::pressed 120 40 paper mono	d8149fca0267121b
before	wizard	pressed	render::components::wizard::pressed 40 10 paper mono	a69de91c023b557b
before	wizard	disabled	render::components::wizard::disabled 120 40 junie truecolor	8862c8bb099345a8
before	wizard	disabled	render::components::wizard::disabled 40 10 junie truecolor	570b446a1182977c
before	wizard	disabled	render::components::wizard::disabled 120 40 junie mono	7d73dde4a86214d0
before	wizard	disabled	render::components::wizard::disabled 40 10 junie mono	0fc62cbad509b9a8
before	wizard	disabled	render::components::wizard::disabled 120 40 paper truecolor	2a9991ed121f720a
before	wizard	disabled	render::components::wizard::disabled 40 10 paper truecolor	5e4c34fbf5f8830a
before	wizard	disabled	render::components::wizard::disabled 120 40 paper mono	cea8729184babed8
before	wizard	disabled	render::components::wizard::disabled 40 10 paper mono	aef7e3721926bf98
before	wizard	selected	render::components::wizard::selected 120 40 junie truecolor	8862c8bb099345a8
before	wizard	selected	render::components::wizard::selected 40 10 junie truecolor	570b446a1182977c
before	wizard	selected	render::components::wizard::selected 120 40 junie mono	493c6b527c9bb2b8
before	wizard	selected	render::components::wizard::selected 40 10 junie mono	460f5c1ee441a9e0
before	wizard	selected	render::components::wizard::selected 120 40 paper truecolor	2a9991ed121f720a
before	wizard	selected	render::components::wizard::selected 40 10 paper truecolor	5e4c34fbf5f8830a
before	wizard	selected	render::components::wizard::selected 120 40 paper mono	1f9a6c68f96d1140
before	wizard	selected	render::components::wizard::selected 40 10 paper mono	526eebbd75b93920
before	wizard	editing	render::components::wizard::editing 120 40 junie truecolor	8862c8bb099345a8
before	wizard	editing	render::components::wizard::editing 40 10 junie truecolor	570b446a1182977c
before	wizard	editing	render::components::wizard::editing 120 40 junie mono	493c6b527c9bb2b8
before	wizard	editing	render::components::wizard::editing 40 10 junie mono	460f5c1ee441a9e0
before	wizard	editing	render::components::wizard::editing 120 40 paper truecolor	2a9991ed121f720a
before	wizard	editing	render::components::wizard::editing 40 10 paper truecolor	5e4c34fbf5f8830a
before	wizard	editing	render::components::wizard::editing 120 40 paper mono	1f9a6c68f96d1140
before	wizard	editing	render::components::wizard::editing 40 10 paper mono	526eebbd75b93920
before	wizard	empty	render::components::wizard::empty 120 40 junie truecolor	7aa803e0bd97b525
before	wizard	empty	render::components::wizard::empty 40 10 junie truecolor	aa1ec5b3b2ff64a5
before	wizard	empty	render::components::wizard::empty 120 40 junie mono	7aa803e0bd97b525
before	wizard	empty	render::components::wizard::empty 40 10 junie mono	aa1ec5b3b2ff64a5
before	wizard	empty	render::components::wizard::empty 120 40 paper truecolor	7aa803e0bd97b525
before	wizard	empty	render::components::wizard::empty 40 10 paper truecolor	aa1ec5b3b2ff64a5
before	wizard	empty	render::components::wizard::empty 120 40 paper mono	7aa803e0bd97b525
before	wizard	empty	render::components::wizard::empty 40 10 paper mono	aa1ec5b3b2ff64a5
